1
0.999962
0.999848
0.999657
0.999391
0.999048
0.99863
0.998135
0.997564
0.996917
0.996195
0.995396
0.994522
0.993572
0.992546
0.991445
0.990268
0.989016
0.987688
0.986286
0.984808
0.983255
0.981627
0.979925
0.978148
0.976296
0.97437
0.97237
0.970296
0.968148
0.965926
0.96363
0.961262
0.95882
0.956305
0.953717
0.951057
0.948324
0.945519
0.942642
0.939693
0.936672
0.933581
0.930418
0.927184
0.92388
0.920505
0.91706
0.913546
0.909961
0.906308
0.902585
0.898794
0.894935
0.891007
0.887011
0.882948
0.878817
0.87462
0.870356
0.866026
0.861629
0.857168
0.85264
0.848048
0.843392
0.838671
0.833886
0.829038
0.824126
0.819152
0.814116
0.809017
0.803857
0.798636
0.793354
0.788011
0.782609
0.777146
0.771625
0.766045
0.760406
0.75471
0.748956
0.743145
0.737278
0.731354
0.725375
0.71934
0.713251
0.707107
0.70091
0.694659
0.688355
0.681999
0.675591
0.669131
0.662621
0.65606
0.649449
0.642788
0.636079
0.629321
0.622515
0.615662
0.608762
0.601816
0.594823
0.587786
0.580704
0.573577
0.566407
0.559194
0.551938
0.54464
0.5373
0.52992
0.522499
0.515039
0.507539
0.500001
0.492424
0.48481
0.47716
0.469472
0.461749
0.453991
0.446199
0.438372
0.430512
0.422619
0.414694
0.406738
0.39875
0.390732
0.382684
0.374608
0.366502
0.358369
0.350208
0.342021
0.333808
0.325569
0.317306
0.309018
0.300707
0.292373
0.284016
0.275638
0.267239
0.25882
0.250381
0.241923
0.233446
0.224952
0.216441
0.207913
0.199369
0.19081
0.182237
0.173649
0.165049
0.156436
0.147811
0.139174
0.130527
0.121871
0.113204
0.10453
0.095847
0.087157
0.0784604
0.0697577
0.0610498
0.0523372
0.0436207
0.0349008
0.0261783
0.0174537
0.00872786
1.32679e-006
-0.0087252
-0.0174511
-0.0261756
-0.0348981
-0.043618
-0.0523346
-0.0610472
-0.0697551
-0.0784577
-0.0871544
-0.0958444
-0.104527
-0.113202
-0.121868
-0.130525
-0.139172
-0.147808
-0.156433
-0.165046
-0.173647
-0.182234
-0.190808
-0.199366
-0.20791
-0.216438
-0.22495
-0.233444
-0.24192
-0.250379
-0.258818
-0.267237
-0.275636
-0.284014
-0.29237
-0.300704
-0.309015
-0.317303
-0.325567
-0.333805
-0.342019
-0.350206
-0.358366
-0.3665
-0.374605
-0.382682
-0.39073
-0.398748
-0.406735
-0.414692
-0.422617
-0.43051
-0.43837
-0.446196
-0.453989
-0.461747
-0.46947
-0.477157
-0.484808
-0.492422
-0.499998
-0.507537
-0.515037
-0.522497
-0.529918
-0.537298
-0.544638
-0.551935
-0.559191
-0.566405
-0.573575
-0.580701
-0.587784
-0.594821
-0.601814
-0.60876
-0.61566
-0.622513
-0.629319
-0.636077
-0.642786
-0.649447
-0.656058
-0.662619
-0.669129
-0.675589
-0.681997
-0.688353
-0.694657
-0.700908
-0.707105
-0.713249
-0.719338
-0.725373
-0.731352
-0.737276
-0.743143
-0.748954
-0.754708
-0.760405
-0.766043
-0.771623
-0.777145
-0.782607
-0.788009
-0.793352
-0.798634
-0.803856
-0.809016
-0.814114
-0.819151
-0.824125
-0.829036
-0.833885
-0.838669
-0.84339
-0.848047
-0.852639
-0.857166
-0.861628
-0.866024
-0.870355
-0.874619
-0.878816
-0.882947
-0.88701
-0.891006
-0.894933
-0.898793
-0.902584
-0.906307
-0.90996
-0.913545
-0.917059
-0.920504
-0.923879
-0.927183
-0.930417
-0.93358
-0.936671
-0.939692
-0.942641
-0.945518
-0.948323
-0.951056
-0.953716
-0.956304
-0.958819
-0.961261
-0.96363
-0.965925
-0.968147
-0.970295
-0.972369
-0.97437
-0.976295
-0.978147
-0.979924
-0.981627
-0.983254
-0.984807
-0.986285
-0.987688
-0.989015
-0.990268
-0.991445
-0.992546
-0.993572
-0.994522
-0.995396
-0.996194
-0.996917
-0.997564
-0.998135
-0.998629
-0.999048
-0.999391
-0.999657
-0.999848
-0.999962
-1
-0.999962
-0.999848
-0.999657
-0.999391
-0.999048
-0.99863
-0.998135
-0.997564
-0.996918
-0.996195
-0.995396
-0.994522
-0.993572
-0.992546
-0.991445
-0.990268
-0.989016
-0.987689
-0.986286
-0.984808
-0.983255
-0.981628
-0.979925
-0.978148
-0.976297
-0.974371
-0.972371
-0.970296
-0.968148
-0.965927
-0.963631
-0.961262
-0.958821
-0.956306
-0.953718
-0.951057
-0.948325
-0.94552
-0.942642
-0.939694
-0.936673
-0.933581
-0.930419
-0.927185
-0.923881
-0.920506
-0.917061
-0.913547
-0.909963
-0.906309
-0.902587
-0.898795
-0.894936
-0.891008
-0.887012
-0.882949
-0.878819
-0.874621
-0.870357
-0.866027
-0.861631
-0.857169
-0.852642
-0.84805
-0.843393
-0.838672
-0.833888
-0.829039
-0.824128
-0.819154
-0.814117
-0.809019
-0.803859
-0.798637
-0.793355
-0.788013
-0.78261
-0.777148
-0.771627
-0.766047
-0.760408
-0.754712
-0.748958
-0.743147
-0.73728
-0.731356
-0.725377
-0.719342
-0.713253
-0.707109
-0.700912
-0.694661
-0.688357
-0.682001
-0.675593
-0.669133
-0.662623
-0.656062
-0.649451
-0.64279
-0.636081
-0.629323
-0.622517
-0.615664
-0.608764
-0.601818
-0.594826
-0.587788
-0.580706
-0.573579
-0.566409
-0.559196
-0.55194
-0.544642
-0.537303
-0.529922
-0.522502
-0.515041
-0.507541
-0.500003
-0.492427
-0.484813
-0.477162
-0.469475
-0.461752
-0.453994
-0.446201
-0.438374
-0.430514
-0.422622
-0.414697
-0.40674
-0.398752
-0.390734
-0.382687
-0.37461
-0.366505
-0.358371
-0.350211
-0.342024
-0.33381
-0.325572
-0.317308
-0.309021
-0.300709
-0.292375
-0.284019
-0.275641
-0.267242
-0.258823
-0.250384
-0.241926
-0.233449
-0.224955
-0.216443
-0.207915
-0.199372
-0.190813
-0.182239
-0.173652
-0.165051
-0.156438
-0.147813
-0.139177
-0.13053
-0.121873
-0.113207
-0.104532
-0.0958496
-0.0871596
-0.078463
-0.0697604
-0.0610525
-0.0523399
-0.0436233
-0.0349034
-0.0261809
-0.0174564
-0.00873051
-3.98038e-006
0.00872255
0.0174484
0.0261729
0.0348955
0.0436154
0.0523319
0.0610445
0.0697524
0.0784551
0.0871517
0.0958417
0.104524
0.113199
0.121865
0.130522
0.139169
0.147805
0.15643
0.165044
0.173644
0.182231
0.190805
0.199364
0.207908
0.216436
0.224947
0.233441
0.241918
0.250376
0.258815
0.267234
0.275633
0.284011
0.292368
0.300702
0.309013
0.317301
0.325564
0.333803
0.342016
0.350203
0.358364
0.366497
0.374603
0.382679
0.390727
0.398745
0.406733
0.414689
0.422614
0.430507
0.438367
0.446194
0.453987
0.461745
0.469468
0.477155
0.484806
0.49242
0.499996
0.507535
0.515034
0.522495
0.529916
0.537296
0.544635
0.551933
0.559189
0.566403
0.573573
0.580699
0.587782
0.594819
0.601811
0.608758
0.615658
0.622511
0.629317
0.636075
0.642784
0.649445
0.656056
0.662617
0.669127
0.675587
0.681995
0.688351
0.694655
0.700906
0.707103
0.713247
0.719337
0.725371
0.731351
0.737274
0.743142
0.748953
0.754707
0.760403
0.766041
0.771622
0.777143
0.782605
0.788008
0.79335
0.798633
0.803854
0.809014
0.814113
0.819149
0.824123
0.829035
0.833883
0.838668
0.843389
0.848046
0.852638
0.857165
0.861627
0.866023
0.870353
0.874617
0.878815
0.882945
0.887009
0.891004
0.894932
0.898792
0.902583
0.906306
0.909959
0.913543
0.917058
0.920503
0.923878
0.927182
0.930416
0.933579
0.93667
0.939691
0.94264
0.945517
0.948322
0.951055
0.953715
0.956303
0.958818
0.96126
0.963629
0.965925
0.968146
0.970294
0.972369
0.974369
0.976295
0.978147
0.979924
0.981626
0.983254
0.984807
0.986285
0.987688
0.989015
0.990267
0.991444
0.992546
0.993571
0.994521
0.995396
0.996194
0.996917
0.997564
0.998134
0.998629
0.999048
0.999391
0.999657
0.999848
0.999962
