1
1.00174
1.00349
1.00523
1.00698
1.00872
1.01046
1.0122
1.01394
1.01568
1.01741
1.01915
1.02089
1.02262
1.02436
1.02609
1.02783
1.02956
1.03129
1.03302
1.03475
1.03648
1.03821
1.03994
1.04167
1.04339
1.04512
1.04684
1.04857
1.05029
1.05201
1.05373
1.05545
1.05717
1.05889
1.06061
1.06233
1.06404
1.06576
1.06748
1.06919
1.0709
1.07262
1.07433
1.07604
1.07775
1.07946
1.08117
1.08287
1.08458
1.08629
1.08799
1.0897
1.0914
1.0931
1.0948
1.09651
1.09821
1.09991
1.1016
1.1033
1.105
1.10669
1.10839
1.11008
1.11178
1.11347
1.11516
1.11685
1.11854
1.12023
1.12192
1.12361
1.12529
1.12698
1.12866
1.13035
1.13203
1.13371
1.1354
1.13708
1.13876
1.14044
1.14211
1.14379
1.14547
1.14714
1.14882
1.15049
1.15216
1.15384
1.15551
1.15718
1.15885
1.16051
1.16218
1.16385
1.16551
1.16718
1.16884
1.17051
1.17217
1.17383
1.17549
1.17715
1.17881
1.18047
1.18212
1.18378
1.18543
1.18709
1.18874
1.19039
1.19204
1.1937
1.19534
1.19699
1.19864
1.20029
1.20193
1.20358
1.20522
1.20687
1.20851
1.21015
1.21179
1.21343
1.21507
1.21671
1.21834
1.21998
1.22161
1.22325
1.22488
1.22651
1.22814
1.22977
1.2314
1.23303
1.23466
1.23628
1.23791
1.23953
1.24116
1.24278
1.2444
1.24602
1.24764
1.24926
1.25088
1.2525
1.25411
1.25573
1.25734
1.25896
1.26057
1.26218
1.26379
1.2654
1.26701
1.26861
1.27022
1.27183
1.27343
1.27503
1.27664
1.27824
1.27984
1.28144
1.28304
1.28463
1.28623
1.28783
1.28942
1.29102
1.29261
1.2942
1.29579
1.29738
1.29897
1.30056
1.30214
1.30373
1.30532
1.3069
1.30848
1.31006
1.31164
1.31322
1.3148
1.31638
1.31796
1.31953
1.32111
1.32268
1.32426
1.32583
1.3274
1.32897
1.33054
1.3321
1.33367
1.33524
1.3368
1.33837
1.33993
1.34149
1.34305
1.34461
1.34617
1.34773
1.34928
1.35084
1.35239
1.35395
1.3555
1.35705
1.3586
1.36015
1.3617
1.36325
1.36479
1.36634
1.36788
1.36942
1.37097
1.37251
1.37405
1.37559
1.37712
1.37866
1.3802
1.38173
1.38327
1.3848
1.38633
1.38786
1.38939
1.39092
1.39245
1.39397
1.3955
1.39702
1.39854
1.40007
1.40159
1.40311
1.40463
1.40614
1.40766
1.40918
1.41069
1.4122
1.41372
1.41523
1.41674
1.41825
1.41975
1.42126
1.42277
1.42427
1.42578
1.42728
1.42878
1.43028
1.43178
1.43328
1.43478
1.43627
1.43777
1.43926
1.44075
1.44225
1.44374
1.44523
1.44671
1.4482
1.44969
1.45117
1.45266
1.45414
1.45562
1.4571
1.45858
1.46006
1.46154
1.46301
1.46449
1.46596
1.46744
1.46891
1.47038
1.47185
1.47332
1.47478
1.47625
1.47772
1.47918
1.48064
1.4821
1.48356
1.48502
1.48648
1.48794
1.4894
1.49085
1.4923
1.49376
1.49521
1.49666
1.49811
1.49956
1.501
1.50245
1.50389
1.50534
1.50678
1.50822
1.50966
1.5111
1.51254
1.51397
1.51541
1.51684
1.51828
1.51971
1.52114
1.52257
1.524
1.52542
1.52685
1.52828
1.5297
1.53112
1.53254
1.53396
1.53538
1.5368
1.53822
1.53963
1.54105
1.54246
1.54387
1.54528
1.54669
1.5481
1.54951
1.55092
1.55232
1.55373
1.55513
1.55653
1.55793
1.55933
1.56073
1.56212
1.56352
1.56491
1.56631
1.5677
1.56909
1.57048
1.57187
1.57326
1.57464
1.57603
1.57741
1.57879
1.58017
1.58155
1.58293
1.58431
1.58569
1.58706
1.58844
1.58981
1.59118
1.59255
1.59392
1.59529
1.59665
1.59802
1.59938
1.60075
1.60211
1.60347
1.60483
1.60619
1.60754
1.6089
1.61025
1.61161
1.61296
1.61431
1.61566
1.61701
1.61836
1.6197
1.62105
1.62239
1.62373
1.62507
1.62641
1.62775
1.62909
1.63042
1.63176
1.63309
1.63442
1.63576
1.63709
1.63841
1.63974
1.64107
1.64239
1.64372
1.64504
1.64636
1.64768
1.649
1.65031
1.65163
1.65295
1.65426
1.65557
1.65688
1.65819
1.6595
1.66081
1.66211
1.66342
1.66472
1.66602
1.66732
1.66862
1.66992
1.67122
1.67252
1.67381
1.6751
1.6764
1.67769
1.67898
1.68026
1.68155
1.68284
1.68412
1.6854
1.68668
1.68797
1.68924
1.69052
1.6918
1.69307
1.69435
1.69562
1.69689
1.69816
1.69943
1.7007
1.70196
1.70323
1.70449
1.70576
1.70702
1.70828
1.70954
1.71079
1.71205
1.7133
1.71456
1.71581
1.71706
1.71831
1.71956
1.7208
1.72205
1.72329
1.72453
1.72578
1.72702
1.72826
1.72949
1.73073
1.73196
1.7332
1.73443
1.73566
1.73689
1.73812
1.73935
1.74057
1.74179
1.74302
1.74424
1.74546
1.74668
1.7479
1.74911
1.75033
1.75154
1.75275
1.75396
1.75517
1.75638
1.75759
1.7588
1.76
1.7612
1.7624
1.7636
1.7648
1.766
1.7672
1.76839
1.76959
1.77078
1.77197
1.77316
1.77435
1.77553
1.77672
1.7779
1.77909
1.78027
1.78145
1.78263
1.7838
1.78498
1.78615
1.78733
1.7885
1.78967
1.79084
1.79201
1.79317
1.79434
1.7955
1.79666
1.79782
1.79898
1.80014
1.8013
1.80245
1.80361
1.80476
1.80591
1.80706
1.80821
1.80936
1.8105
1.81165
1.81279
1.81393
1.81507
1.81621
1.81735
1.81849
1.81962
1.82076
1.82189
1.82302
1.82415
1.82527
1.8264
1.82753
1.82865
1.82977
1.83089
1.83201
1.83313
1.83425
1.83536
1.83648
1.83759
1.8387
1.83981
1.84092
1.84203
1.84313
1.84423
1.84534
1.84644
1.84754
1.84864
1.84973
1.85083
1.85192
1.85302
1.85411
1.8552
1.85629
1.85737
1.85846
1.85954
1.86063
1.86171
1.86279
1.86387
1.86495
1.86602
1.8671
1.86817
1.86924
1.87031
1.87138
1.87245
1.87351
1.87458
1.87564
1.8767
1.87776
1.87882
1.87988
1.88093
1.88199
1.88304
1.88409
1.88514
1.88619
1.88724
1.88828
1.88933
1.89037
1.89141
1.89245
1.89349
1.89453
1.89557
1.8966
1.89763
1.89866
1.89969
1.90072
1.90175
1.90278
1.9038
1.90482
1.90584
1.90686
1.90788
1.9089
1.90991
1.91093
1.91194
1.91295
1.91396
1.91497
1.91598
1.91698
1.91799
1.91899
1.91999
1.92099
1.92199
1.92298
1.92398
1.92497
1.92596
1.92695
1.92794
1.92893
1.92992
1.9309
1.93189
1.93287
1.93385
1.93483
1.9358
1.93678
1.93775
1.93873
1.9397
1.94067
1.94164
1.94261
1.94357
1.94453
1.9455
1.94646
1.94742
1.94838
1.94933
1.95029
1.95124
1.95219
1.95315
1.95409
1.95504
1.95599
1.95693
1.95788
1.95882
1.95976
1.9607
1.96164
1.96257
1.96351
1.96444
1.96537
1.9663
1.96723
1.96816
1.96908
1.97
1.97093
1.97185
1.97277
1.97368
1.9746
1.97552
1.97643
1.97734
1.97825
1.97916
1.98007
1.98097
1.98188
1.98278
1.98368
1.98458
1.98548
1.98638
1.98727
1.98817
1.98906
1.98995
1.99084
1.99173
1.99261
1.9935
1.99438
1.99526
1.99614
1.99702
1.9979
1.99877
1.99965
2.00052
2.00139
2.00226
2.00313
2.00399
2.00486
2.00572
2.00658
2.00744
2.0083
2.00916
2.01002
2.01087
2.01172
2.01257
2.01342
2.01427
2.01512
2.01596
2.01681
2.01765
2.01849
2.01933
2.02017
2.021
2.02184
2.02267
2.0235
2.02433
2.02516
2.02598
2.02681
2.02763
2.02845
2.02927
2.03009
2.03091
2.03173
2.03254
2.03335
2.03416
2.03497
2.03578
2.03659
2.03739
2.0382
2.039
2.0398
2.0406
2.04139
2.04219
2.04298
2.04378
2.04457
2.04536
2.04614
2.04693
2.04771
2.0485
2.04928
2.05006
2.05084
2.05161
2.05239
2.05316
2.05394
2.05471
2.05547
2.05624
2.05701
2.05777
2.05854
2.0593
2.06006
2.06081
2.06157
2.06233
2.06308
2.06383
2.06458
2.06533
2.06608
2.06682
2.06757
2.06831
2.06905
2.06979
2.07053
2.07126
2.072
2.07273
2.07346
2.07419
2.07492
2.07564
2.07637
2.07709
2.07782
2.07854
2.07925
2.07997
2.08069
2.0814
2.08211
2.08282
2.08353
2.08424
2.08495
2.08565
2.08635
2.08705
2.08775
2.08845
2.08915
2.08984
2.09054
2.09123
2.09192
2.09261
2.09329
2.09398
2.09466
2.09534
2.09603
2.0967
2.09738
2.09806
2.09873
2.0994
2.10007
2.10074
2.10141
2.10208
2.10274
2.10341
2.10407
2.10473
2.10538
2.10604
2.1067
2.10735
2.108
2.10865
2.1093
2.10995
2.11059
2.11124
2.11188
2.11252
2.11316
2.11379
2.11443
2.11506
2.1157
2.11633
2.11696
2.11758
2.11821
2.11883
2.11946
2.12008
2.1207
2.12132
2.12193
2.12255
2.12316
2.12377
2.12438
2.12499
2.12559
2.1262
2.1268
2.1274
2.128
2.1286
2.1292
2.1298
2.13039
2.13098
2.13157
2.13216
2.13275
2.13333
2.13392
2.1345
2.13508
2.13566
2.13624
2.13681
2.13739
2.13796
2.13853
2.1391
2.13967
2.14023
2.1408
2.14136
2.14192
2.14248
2.14304
2.14359
2.14415
2.1447
2.14525
2.1458
2.14635
2.1469
2.14744
2.14798
2.14853
2.14907
2.1496
2.15014
2.15067
2.15121
2.15174
2.15227
2.1528
2.15332
2.15385
2.15437
2.1549
2.15542
2.15593
2.15645
2.15697
2.15748
2.15799
2.1585
2.15901
2.15952
2.16002
2.16053
2.16103
2.16153
2.16203
2.16252
2.16302
2.16351
2.16401
2.1645
2.16499
2.16547
2.16596
2.16644
2.16693
2.16741
2.16788
2.16836
2.16884
2.16931
2.16978
2.17026
2.17072
2.17119
2.17166
2.17212
2.17258
2.17304
2.1735
2.17396
2.17442
2.17487
2.17532
2.17578
2.17622
2.17667
2.17712
2.17756
2.178
2.17845
2.17889
2.17932
2.17976
2.18019
2.18063
2.18106
2.18149
2.18191
2.18234
2.18276
2.18319
2.18361
2.18403
2.18444
2.18486
2.18528
2.18569
2.1861
2.18651
2.18692
2.18732
2.18773
2.18813
2.18853
2.18893
2.18933
2.18972
2.19012
2.19051
2.1909
2.19129
2.19168
2.19206
2.19245
2.19283
2.19321
2.19359
2.19397
2.19435
2.19472
2.19509
2.19546
2.19583
2.1962
2.19657
2.19693
2.19729
2.19765
2.19801
2.19837
2.19873
2.19908
2.19943
2.19979
2.20013
2.20048
2.20083
2.20117
2.20151
2.20186
2.2022
2.20253
2.20287
2.2032
2.20354
2.20387
2.2042
2.20452
2.20485
2.20517
2.20549
2.20582
2.20613
2.20645
2.20677
2.20708
2.20739
2.2077
2.20801
2.20832
2.20863
2.20893
2.20923
2.20953
2.20983
2.21013
2.21042
2.21072
2.21101
2.2113
2.21159
2.21188
2.21216
2.21245
2.21273
2.21301
2.21329
2.21356
2.21384
2.21411
2.21439
2.21466
2.21492
2.21519
2.21546
2.21572
2.21598
2.21624
2.2165
2.21676
2.21701
2.21726
2.21752
2.21777
2.21801
2.21826
2.21851
2.21875
2.21899
2.21923
2.21947
2.21971
2.21994
2.22017
2.2204
2.22063
2.22086
2.22109
2.22131
2.22154
2.22176
2.22198
2.2222
2.22241
2.22263
2.22284
2.22305
2.22326
2.22347
2.22367
2.22388
2.22408
2.22428
2.22448
2.22468
2.22487
2.22507
2.22526
2.22545
2.22564
2.22583
2.22601
2.2262
2.22638
2.22656
2.22674
2.22692
2.22709
2.22727
2.22744
2.22761
2.22778
2.22794
2.22811
2.22827
2.22843
2.22859
2.22875
2.22891
2.22907
2.22922
2.22937
2.22952
2.22967
2.22982
2.22996
2.2301
2.23025
2.23039
2.23052
2.23066
2.23079
2.23093
2.23106
2.23119
2.23132
2.23144
2.23157
2.23169
2.23181
2.23193
2.23205
2.23217
2.23228
2.23239
2.2325
2.23261
2.23272
2.23283
2.23293
2.23303
2.23313
2.23323
2.23333
2.23343
2.23352
2.23361
2.2337
2.23379
2.23388
2.23396
2.23405
2.23413
2.23421
2.23429
2.23437
2.23444
2.23451
2.23459
2.23466
2.23473
2.23479
2.23486
2.23492
2.23498
2.23504
2.2351
2.23516
2.23521
2.23526
2.23532
2.23537
2.23541
2.23546
2.23551
2.23555
2.23559
2.23563
2.23567
2.2357
2.23574
2.23577
2.2358
2.23583
2.23586
2.23588
2.23591
2.23593
2.23595
2.23597
2.23599
2.236
2.23602
2.23603
2.23604
2.23605
2.23606
2.23606
2.23607
2.23607
2.23607
2.23607
2.23606
2.23606
2.23605
2.23604
2.23603
2.23602
2.23601
2.23599
2.23598
2.23596
2.23594
2.23592
2.23589
2.23587
2.23584
2.23581
2.23578
2.23575
2.23572
2.23568
2.23565
2.23561
2.23557
2.23552
2.23548
2.23543
2.23539
2.23534
2.23529
2.23523
2.23518
2.23512
2.23507
2.23501
2.23495
2.23488
2.23482
2.23475
2.23469
2.23462
2.23455
2.23447
2.2344
2.23432
2.23424
2.23416
2.23408
2.234
2.23392
2.23383
2.23374
2.23365
2.23356
2.23347
2.23337
2.23327
2.23318
2.23308
2.23297
2.23287
2.23277
2.23266
2.23255
2.23244
2.23233
2.23221
2.2321
2.23198
2.23186
2.23174
2.23162
2.2315
2.23137
2.23124
2.23111
2.23098
2.23085
2.23072
2.23058
2.23044
2.2303
2.23016
2.23002
2.22988
2.22973
2.22958
2.22943
2.22928
2.22913
2.22898
2.22882
2.22866
2.2285
2.22834
2.22818
2.22801
2.22785
2.22768
2.22751
2.22734
2.22716
2.22699
2.22681
2.22664
2.22646
2.22627
2.22609
2.22591
2.22572
2.22553
2.22534
2.22515
2.22496
2.22476
2.22456
2.22436
2.22416
2.22396
2.22376
2.22355
2.22335
2.22314
2.22293
2.22272
2.2225
2.22229
2.22207
2.22185
2.22163
2.22141
2.22118
2.22096
2.22073
2.2205
2.22027
2.22004
2.2198
2.21957
2.21933
2.21909
2.21885
2.21861
2.21836
2.21812
2.21787
2.21762
2.21737
2.21712
2.21686
2.21661
2.21635
2.21609
2.21583
2.21557
2.2153
2.21504
2.21477
2.2145
2.21423
2.21395
2.21368
2.2134
2.21312
2.21285
2.21256
2.21228
2.212
2.21171
2.21142
2.21113
2.21084
2.21055
2.21025
2.20996
2.20966
2.20936
2.20906
2.20875
2.20845
2.20814
2.20783
2.20752
2.20721
2.2069
2.20658
2.20627
2.20595
2.20563
2.20531
2.20498
2.20466
2.20433
2.204
2.20367
2.20334
2.20301
2.20267
2.20233
2.202
2.20166
2.20131
2.20097
2.20063
2.20028
2.19993
2.19958
2.19923
2.19887
2.19852
2.19816
2.1978
2.19744
2.19708
2.19672
2.19635
2.19598
2.19562
2.19525
2.19487
2.1945
2.19412
2.19375
2.19337
2.19299
2.19261
2.19222
2.19184
2.19145
2.19106
2.19067
2.19028
2.18989
2.18949
2.18909
2.18869
2.18829
2.18789
2.18749
2.18708
2.18668
2.18627
2.18586
2.18544
2.18503
2.18462
2.1842
2.18378
2.18336
2.18294
2.18251
2.18209
2.18166
2.18123
2.1808
2.18037
2.17994
2.1795
2.17906
2.17863
2.17819
2.17774
2.1773
2.17685
2.17641
2.17596
2.17551
2.17506
2.1746
2.17415
2.17369
2.17323
2.17277
2.17231
2.17185
2.17138
2.17091
2.17045
2.16998
2.1695
2.16903
2.16856
2.16808
2.1676
2.16712
2.16664
2.16616
2.16567
2.16518
2.1647
2.16421
2.16371
2.16322
2.16273
2.16223
2.16173
2.16123
2.16073
2.16023
2.15972
2.15922
2.15871
2.1582
2.15769
2.15717
2.15666
2.15614
2.15563
2.15511
2.15458
2.15406
2.15354
2.15301
2.15248
2.15195
2.15142
2.15089
2.15036
2.14982
2.14928
2.14874
2.1482
2.14766
2.14712
2.14657
2.14602
2.14547
2.14492
2.14437
2.14382
2.14326
2.1427
2.14215
2.14158
2.14102
2.14046
2.13989
2.13933
2.13876
2.13819
2.13762
2.13704
2.13647
2.13589
2.13531
2.13473
2.13415
2.13357
2.13298
2.1324
2.13181
2.13122
2.13063
2.13003
2.12944
2.12884
2.12825
2.12765
2.12704
2.12644
2.12584
2.12523
2.12462
2.12401
2.1234
2.12279
2.12218
2.12156
2.12094
2.12033
2.1197
2.11908
2.11846
2.11783
2.11721
2.11658
2.11595
2.11532
2.11468
2.11405
2.11341
2.11277
2.11213
2.11149
2.11085
2.1102
2.10956
2.10891
2.10826
2.10761
2.10696
2.1063
2.10565
2.10499
2.10433
2.10367
2.10301
2.10234
2.10168
2.10101
2.10034
2.09967
2.099
2.09833
2.09765
2.09697
2.0963
2.09562
2.09493
2.09425
2.09357
2.09288
2.09219
2.0915
2.09081
2.09012
2.08942
2.08873
2.08803
2.08733
2.08663
2.08593
2.08523
2.08452
2.08381
2.0831
2.08239
2.08168
2.08097
2.08025
2.07954
2.07882
2.0781
2.07738
2.07666
2.07593
2.07521
2.07448
2.07375
2.07302
2.07229
2.07155
2.07082
2.07008
2.06934
2.0686
2.06786
2.06712
2.06637
2.06562
2.06488
2.06413
2.06337
2.06262
2.06187
2.06111
2.06035
2.0596
2.05883
2.05807
2.05731
2.05654
2.05578
2.05501
2.05424
2.05347
2.05269
2.05192
2.05114
2.05036
2.04959
2.0488
2.04802
2.04724
2.04645
2.04566
2.04488
2.04409
2.04329
2.0425
2.04171
2.04091
2.04011
2.03931
2.03851
2.03771
2.0369
2.0361
2.03529
2.03448
2.03367
2.03286
2.03204
2.03123
2.03041
2.02959
2.02877
2.02795
2.02713
2.02631
2.02548
2.02465
2.02382
2.02299
2.02216
2.02133
2.02049
2.01965
2.01882
2.01798
2.01714
2.01629
2.01545
2.0146
2.01375
2.01291
2.01205
2.0112
2.01035
2.00949
2.00864
2.00778
2.00692
2.00606
2.00519
2.00433
2.00346
2.0026
2.00173
2.00086
1.99999
1.99911
1.99824
1.99736
1.99648
1.9956
1.99472
1.99384
1.99296
1.99207
1.99118
1.99029
1.9894
1.98851
1.98762
1.98672
1.98583
1.98493
1.98403
1.98313
1.98223
1.98132
1.98042
1.97951
1.9786
1.97769
1.97678
1.97587
1.97495
1.97404
1.97312
1.9722
1.97128
1.97036
1.96944
1.96851
1.96759
1.96666
1.96573
1.9648
1.96386
1.96293
1.962
1.96106
1.96012
1.95918
1.95824
1.9573
1.95635
1.95541
1.95446
1.95351
1.95256
1.95161
1.95065
1.9497
1.94874
1.94779
1.94683
1.94587
1.9449
1.94394
1.94298
1.94201
1.94104
1.94007
1.9391
1.93813
1.93715
1.93618
1.9352
1.93422
1.93324
1.93226
1.93128
1.93029
1.92931
1.92832
1.92733
1.92634
1.92535
1.92436
1.92336
1.92237
1.92137
1.92037
1.91937
1.91837
1.91736
1.91636
1.91535
1.91435
1.91334
1.91233
1.91131
1.9103
1.90929
1.90827
1.90725
1.90623
1.90521
1.90419
1.90316
1.90214
1.90111
1.90008
1.89906
1.89802
1.89699
1.89596
1.89492
1.89389
1.89285
1.89181
1.89077
1.88972
1.88868
1.88764
1.88659
1.88554
1.88449
1.88344
1.88239
1.88133
1.88028
1.87922
1.87816
1.8771
1.87604
1.87498
1.87391
1.87285
1.87178
1.87071
1.86964
1.86857
1.8675
1.86643
1.86535
1.86427
1.8632
1.86212
1.86104
1.85995
1.85887
1.85778
1.8567
1.85561
1.85452
1.85343
1.85234
1.85124
1.85015
1.84905
1.84795
1.84685
1.84575
1.84465
1.84355
1.84244
1.84133
1.84023
1.83912
1.83801
1.83689
1.83578
1.83467
1.83355
1.83243
1.83131
1.83019
1.82907
1.82795
1.82682
1.8257
1.82457
1.82344
1.82231
1.82118
1.82005
1.81891
1.81778
1.81664
1.8155
1.81436
1.81322
1.81208
1.81093
1.80979
1.80864
1.80749
1.80634
1.80519
1.80404
1.80289
1.80173
1.80057
1.79942
1.79826
1.7971
1.79593
1.79477
1.79361
1.79244
1.79127
1.7901
1.78893
1.78776
1.78659
1.78542
1.78424
1.78306
1.78189
1.78071
1.77952
1.77834
1.77716
1.77597
1.77479
1.7736
1.77241
1.77122
1.77003
1.76883
1.76764
1.76644
1.76525
1.76405
1.76285
1.76165
1.76045
1.75924
1.75804
1.75683
1.75562
1.75441
1.7532
1.75199
1.75078
1.74956
1.74835
1.74713
1.74591
1.74469
1.74347
1.74225
1.74102
1.7398
1.73857
1.73734
1.73611
1.73488
1.73365
1.73242
1.73118
1.72995
1.72871
1.72747
1.72623
1.72499
1.72375
1.72251
1.72126
1.72001
1.71877
1.71752
1.71627
1.71502
1.71376
1.71251
1.71125
1.71
1.70874
1.70748
1.70622
1.70496
1.70369
1.70243
1.70116
1.6999
1.69863
1.69736
1.69609
1.69481
1.69354
1.69227
1.69099
1.68971
1.68843
1.68715
1.68587
1.68459
1.68331
1.68202
1.68073
1.67945
1.67816
1.67687
1.67558
1.67428
1.67299
1.67169
1.6704
1.6691
1.6678
1.6665
1.6652
1.66389
1.66259
1.66128
1.65998
1.65867
1.65736
1.65605
1.65474
1.65342
1.65211
1.65079
1.64948
1.64816
1.64684
1.64552
1.6442
1.64287
1.64155
1.64022
1.6389
1.63757
1.63624
1.63491
1.63358
1.63224
1.63091
1.62957
1.62824
1.6269
1.62556
1.62422
1.62288
1.62153
1.62019
1.61884
1.6175
1.61615
1.6148
1.61345
1.6121
1.61074
1.60939
1.60803
1.60668
1.60532
1.60396
1.6026
1.60124
1.59988
1.59851
1.59715
1.59578
1.59441
1.59304
1.59167
1.5903
1.58893
1.58756
1.58618
1.58481
1.58343
1.58205
1.58067
1.57929
1.57791
1.57652
1.57514
1.57375
1.57237
1.57098
1.56959
1.5682
1.56681
1.56541
1.56402
1.56263
1.56123
1.55983
1.55843
1.55703
1.55563
1.55423
1.55282
1.55142
1.55001
1.54861
1.5472
1.54579
1.54438
1.54297
1.54155
1.54014
1.53872
1.53731
1.53589
1.53447
1.53305
1.53163
1.53021
1.52878
1.52736
1.52593
1.52451
1.52308
1.52165
1.52022
1.51879
1.51735
1.51592
1.51449
1.51305
1.51161
1.51017
1.50873
1.50729
1.50585
1.50441
1.50296
1.50152
1.50007
1.49862
1.49717
1.49572
1.49427
1.49282
1.49137
1.48991
1.48846
1.487
1.48554
1.48408
1.48262
1.48116
1.4797
1.47823
1.47677
1.4753
1.47384
1.47237
1.4709
1.46943
1.46796
1.46649
1.46501
1.46354
1.46206
1.46058
1.45911
1.45763
1.45615
1.45466
1.45318
1.4517
1.45021
1.44873
1.44724
1.44575
1.44426
1.44277
1.44128
1.43979
1.43829
1.4368
1.4353
1.43381
1.43231
1.43081
1.42931
1.42781
1.42631
1.4248
1.4233
1.42179
1.42029
1.41878
1.41727
1.41576
1.41425
1.41274
1.41122
1.40971
1.40819
1.40668
1.40516
1.40364
1.40212
1.4006
1.39908
1.39756
1.39603
1.39451
1.39298
1.39145
1.38993
1.3884
1.38687
1.38534
1.3838
1.38227
1.38074
1.3792
1.37766
1.37613
1.37459
1.37305
1.37151
1.36996
1.36842
1.36688
1.36533
1.36379
1.36224
1.36069
1.35914
1.35759
1.35604
1.35449
1.35294
1.35138
1.34983
1.34827
1.34671
1.34516
1.3436
1.34204
1.34047
1.33891
1.33735
1.33578
1.33422
1.33265
1.33108
1.32952
1.32795
1.32638
1.3248
1.32323
1.32166
1.32008
1.31851
1.31693
1.31535
1.31377
1.31219
1.31061
1.30903
1.30745
1.30587
1.30428
1.3027
1.30111
1.29952
1.29793
1.29634
1.29475
1.29316
1.29157
1.28998
1.28838
1.28679
1.28519
1.28359
1.28199
1.28039
1.27879
1.27719
1.27559
1.27399
1.27238
1.27078
1.26917
1.26756
1.26596
1.26435
1.26274
1.26113
1.25951
1.2579
1.25629
1.25467
1.25306
1.25144
1.24982
1.2482
1.24658
1.24496
1.24334
1.24172
1.2401
1.23847
1.23685
1.23522
1.23359
1.23197
1.23034
1.22871
1.22708
1.22544
1.22381
1.22218
1.22054
1.21891
1.21727
1.21563
1.21399
1.21236
1.21072
1.20907
1.20743
1.20579
1.20415
1.2025
1.20085
1.19921
1.19756
1.19591
1.19426
1.19261
1.19096
1.18931
1.18766
1.186
1.18435
1.18269
1.18104
1.17938
1.17772
1.17606
1.1744
1.17274
1.17108
1.16941
1.16775
1.16609
1.16442
1.16275
1.16109
1.15942
1.15775
1.15608
1.15441
1.15274
1.15106
1.14939
1.14772
1.14604
1.14436
1.14269
1.14101
1.13933
1.13765
1.13597
1.13429
1.13261
1.13092
1.12924
1.12756
1.12587
1.12418
1.1225
1.12081
1.11912
1.11743
1.11574
1.11405
1.11235
1.11066
1.10897
1.10727
1.10558
1.10388
1.10218
1.10048
1.09878
1.09708
1.09538
1.09368
1.09198
1.09028
1.08857
1.08687
1.08516
1.08345
1.08175
1.08004
1.07833
1.07662
1.07491
1.0732
1.07149
1.06977
1.06806
1.06634
1.06463
1.06291
1.06119
1.05948
1.05776
1.05604
1.05432
1.0526
1.05087
1.04915
1.04743
1.0457
1.04398
1.04225
1.04052
1.0388
1.03707
1.03534
1.03361
1.03188
1.03015
1.02841
1.02668
1.02495
1.02321
1.02148
1.01974
1.018
1.01626
1.01453
1.01279
1.01105
1.0093
1.00756
1.00582
1.00408
1.00233
1.00059
0.998843
0.997097
0.99535
0.993602
0.991853
0.990104
0.988354
0.986603
0.984851
0.983099
0.981346
0.979592
0.977837
0.976082
0.974326
0.972569
0.970811
0.969053
0.967294
0.965534
0.963774
0.962013
0.960251
0.958488
0.956725
0.954961
0.953196
0.95143
0.949664
0.947897
0.946129
0.94436
0.942591
0.940821
0.93905
0.937279
0.935507
0.933734
0.931961
0.930186
0.928411
0.926636
0.924859
0.923082
0.921305
0.919526
0.917747
0.915967
0.914187
0.912405
0.910623
0.90884
0.907057
0.905273
0.903488
0.901703
0.899917
0.89813
0.896343
0.894555
0.892766
0.890976
0.889186
0.887395
0.885604
0.883811
0.882019
0.880225
0.878431
0.876636
0.87484
0.873044
0.871247
0.86945
0.867651
0.865853
0.864053
0.862253
0.860452
0.85865
0.856848
0.855045
0.853242
0.851438
0.849633
0.847827
0.846022
0.844215
0.842407
0.8406
0.838791
0.836982
0.835172
0.833361
0.83155
0.829738
0.827926
0.826113
0.824299
0.822484
0.82067
0.818854
0.817038
0.815221
0.813403
0.811586
0.809767
0.807948
0.806127
0.804307
0.802486
0.800664
0.798842
0.797019
0.795195
0.793371
0.791546
0.789721
0.787895
0.786068
0.784241
0.782413
0.780585
0.778756
0.776926
0.775096
0.773265
0.771434
0.769602
0.767769
0.765936
0.764103
0.762268
0.760433
0.758598
0.756762
0.754926
0.753089
0.751251
0.749412
0.747573
0.745734
0.743894
0.742053
0.740212
0.738371
0.736528
0.734685
0.732842
0.730998
0.729154
0.727308
0.725463
0.723617
0.72177
0.719923
0.718075
0.716227
0.714378
0.712528
0.710678
0.708828
0.706977
0.705125
0.703273
0.70142
0.699567
0.697713
0.695859
0.694004
0.692149
0.690293
0.688436
0.68658
0.684722
0.682864
0.681005
0.679147
0.677287
0.675427
0.673567
0.671705
0.669844
0.667982
0.666119
0.664256
0.662392
0.660528
0.658664
0.656799
0.654933
0.653067
0.6512
0.649333
0.647465
0.645597
0.643729
0.64186
0.63999
0.63812
0.636249
0.634378
0.632507
0.630635
0.628762
0.62689
0.625016
0.623142
0.621268
0.619393
0.617517
0.615642
0.613765
0.611889
0.610012
0.608134
0.606256
0.604377
0.602498
0.600618
0.598739
0.596858
0.594977
0.593096
0.591214
0.589332
0.587449
0.585566
0.583682
0.581798
0.579914
0.578029
0.576144
0.574258
0.572372
0.570485
0.568598
0.56671
0.564823
0.562934
0.561045
0.559156
0.557266
0.555376
0.553486
0.551595
0.549703
0.547812
0.54592
0.544027
0.542134
0.54024
0.538347
0.536452
0.534558
0.532663
0.530767
0.528871
0.526975
0.525078
0.523181
0.521284
0.519386
0.517488
0.515589
0.51369
0.51179
0.50989
0.50799
0.50609
0.504189
0.502287
0.500385
0.498483
0.496581
0.494678
0.492774
0.490871
0.488967
0.487062
0.485157
0.483252
0.481347
0.479441
0.477535
0.475628
0.473721
0.471814
0.469906
0.467998
0.46609
0.464181
0.462272
0.460362
0.458452
0.456542
0.454632
0.452721
0.45081
0.448898
0.446986
0.445074
0.443162
0.441248
0.439335
0.437422
0.435508
0.433594
0.431679
0.429764
0.427849
0.425933
0.424017
0.422101
0.420184
0.418268
0.416351
0.414433
0.412515
0.410597
0.408679
0.40676
0.404841
0.402922
0.401002
0.399082
0.397162
0.395241
0.39332
0.391399
0.389477
0.387556
0.385634
0.383711
0.381789
0.379866
0.377943
0.376019
0.374095
0.372171
0.370247
0.368322
0.366397
0.364472
0.362546
0.360621
0.358695
0.356768
0.354842
0.352915
0.350988
0.34906
0.347133
0.345205
0.343277
0.341348
0.339419
0.337491
0.335561
0.333632
0.331702
0.329772
0.327842
0.325911
0.32398
0.32205
0.320119
0.318187
0.316255
0.314323
0.312391
0.310458
0.308526
0.306593
0.30466
0.302727
0.300793
0.298859
0.296925
0.294991
0.293056
0.291121
0.289186
0.287251
0.285316
0.28338
0.281445
0.279508
0.277572
0.275636
0.273699
0.271762
0.269825
0.267888
0.26595
0.264013
0.262075
0.260137
0.258198
0.25626
0.254321
0.252382
0.250443
0.248504
0.246564
0.244625
0.242685
0.240745
0.238805
0.236864
0.234924
0.232983
0.231042
0.229101
0.22716
0.225218
0.223276
0.221335
0.219393
0.217451
0.215509
0.213566
0.211623
0.20968
0.207738
0.205795
0.203851
0.201908
0.199964
0.198021
0.196077
0.194133
0.192188
0.190244
0.1883
0.186355
0.184411
0.182466
0.180521
0.178575
0.17663
0.174685
0.172739
0.170794
0.168848
0.166902
0.164956
0.16301
0.161063
0.159117
0.15717
0.155223
0.153277
0.15133
0.149383
0.147435
0.145488
0.143541
0.141593
0.139646
0.137698
0.13575
0.133802
0.131854
0.129906
0.127958
0.12601
0.124061
0.122113
0.120164
0.118216
0.116267
0.114318
0.112369
0.11042
0.108471
0.106522
0.104573
0.102623
0.100674
0.098724
0.0967746
0.0948247
0.0928751
0.0909255
0.0889754
0.0870256
0.0850754
0.0831255
0.0811751
0.0792251
0.0772746
0.0753245
0.0733743
0.0714236
0.0694733
0.0675225
0.0655721
0.0636213
0.0616708
0.0597198
0.0577692
0.0558186
0.0538675
0.0519167
0.0499655
0.0480147
0.0460635
0.0441126
0.0421613
0.0402104
0.0382594
0.036308
0.0343569
0.0324055
0.0304544
0.0285029
0.0265517
0.0246006
0.022649
0.0206978
0.0187462
0.016795
0.0148434
0.0128922
0.0109405
0.00898924
0.00703799
0.0050863
0.00313504
0.00118334
-0.000767923
-0.00271962
-0.00467088
-0.00662257
-0.00857382
-0.0105251
-0.0124767
-0.014428
-0.0163796
-0.0183308
-0.0202824
-0.0222336
-0.0241852
-0.0261364
-0.0280875
-0.030039
-0.0319901
-0.0339416
-0.0358926
-0.037844
-0.039795
-0.0417459
-0.0436973
-0.0456482
-0.0475994
-0.0495502
-0.0515014
-0.0534522
-0.0554033
-0.0573539
-0.0593045
-0.0612555
-0.063206
-0.0651569
-0.0671073
-0.0690581
-0.0710084
-0.0729591
-0.0749093
-0.0768594
-0.0788099
-0.08076
-0.0827104
-0.0846603
-0.0866105
-0.0885603
-0.0905104
-0.0924601
-0.0944096
-0.0963595
-0.0983089
-0.100259
-0.102208
-0.104158
-0.106107
-0.108056
-0.110005
-0.111954
-0.113903
-0.115852
-0.117801
-0.119749
-0.121698
-0.123647
-0.125595
-0.127543
-0.129491
-0.13144
-0.133388
-0.135336
-0.137283
-0.139231
-0.141179
-0.143126
-0.145074
-0.147021
-0.148968
-0.150915
-0.152862
-0.154809
-0.156756
-0.158702
-0.160649
-0.162595
-0.164541
-0.166488
-0.168433
-0.170379
-0.172325
-0.17427
-0.176216
-0.178161
-0.180107
-0.182051
-0.183997
-0.185941
-0.187886
-0.18983
-0.191775
-0.193719
-0.195663
-0.197607
-0.19955
-0.201494
-0.203438
-0.205381
-0.207324
-0.209267
-0.21121
-0.213152
-0.215095
-0.217037
-0.21898
-0.220921
-0.222863
-0.224805
-0.226746
-0.228688
-0.230629
-0.23257
-0.23451
-0.236451
-0.238392
-0.240332
-0.242272
-0.244212
-0.246152
-0.248091
-0.25003
-0.251969
-0.253909
-0.255847
-0.257785
-0.259724
-0.261662
-0.2636
-0.265538
-0.267475
-0.269413
-0.27135
-0.273287
-0.275223
-0.27716
-0.279096
-0.281032
-0.282968
-0.284904
-0.286839
-0.288774
-0.29071
-0.292644
-0.294579
-0.296513
-0.298447
-0.300381
-0.302315
-0.304248
-0.306181
-0.308114
-0.310047
-0.31198
-0.313912
-0.315844
-0.317776
-0.319707
-0.321638
-0.323569
-0.3255
-0.327431
-0.329361
-0.331291
-0.333221
-0.33515
-0.33708
-0.339009
-0.340937
-0.342866
-0.344794
-0.346722
-0.34865
-0.350578
-0.352505
-0.354431
-0.356358
-0.358284
-0.360211
-0.362136
-0.364062
-0.365987
-0.367913
-0.369837
-0.371761
-0.373686
-0.375609
-0.377533
-0.379456
-0.38138
-0.383302
-0.385225
-0.387147
-0.389068
-0.39099
-0.392911
-0.394832
-0.396753
-0.398673
-0.400593
-0.402513
-0.404433
-0.406351
-0.40827
-0.410189
-0.412107
-0.414025
-0.415943
-0.41786
-0.419776
-0.421693
-0.423609
-0.425526
-0.427441
-0.429357
-0.431271
-0.433186
-0.4351
-0.437014
-0.438928
-0.440841
-0.442754
-0.444667
-0.446579
-0.448491
-0.450403
-0.452314
-0.454225
-0.456136
-0.458046
-0.459956
-0.461865
-0.463775
-0.465683
-0.467592
-0.4695
-0.471408
-0.473315
-0.475222
-0.477129
-0.479035
-0.480942
-0.482847
-0.484752
-0.486657
-0.488561
-0.490466
-0.492369
-0.494273
-0.496176
-0.498079
-0.499981
-0.501882
-0.503784
-0.505685
-0.507586
-0.509486
-0.511386
-0.513285
-0.515185
-0.517083
-0.518982
-0.52088
-0.522777
-0.524675
-0.526571
-0.528468
-0.530364
-0.532259
-0.534154
-0.536049
-0.537943
-0.539837
-0.541731
-0.543624
-0.545517
-0.547409
-0.549301
-0.551192
-0.553083
-0.554974
-0.556864
-0.558754
-0.560643
-0.562532
-0.564421
-0.566308
-0.568196
-0.570083
-0.57197
-0.573856
-0.575743
-0.577628
-0.579513
-0.581397
-0.583281
-0.585165
-0.587048
-0.588931
-0.590813
-0.592696
-0.594577
-0.596458
-0.598338
-0.600218
-0.602098
-0.603977
-0.605856
-0.607734
-0.609612
-0.611489
-0.613366
-0.615242
-0.617118
-0.618994
-0.620869
-0.622743
-0.624617
-0.626491
-0.628364
-0.630236
-0.632108
-0.63398
-0.635851
-0.637722
-0.639592
-0.641462
-0.643331
-0.6452
-0.647068
-0.648935
-0.650802
-0.652669
-0.654536
-0.656402
-0.658267
-0.660131
-0.661996
-0.663859
-0.665723
-0.667585
-0.669448
-0.671309
-0.67317
-0.675031
-0.676891
-0.678751
-0.68061
-0.682469
-0.684326
-0.686184
-0.688041
-0.689898
-0.691754
-0.693609
-0.695464
-0.697318
-0.699172
-0.701026
-0.702879
-0.704731
-0.706583
-0.708434
-0.710284
-0.712134
-0.713984
-0.715833
-0.717681
-0.71953
-0.721377
-0.723223
-0.72507
-0.726915
-0.728761
-0.730605
-0.73245
-0.734293
-0.736136
-0.737978
-0.73982
-0.741662
-0.743502
-0.745342
-0.747182
-0.749021
-0.750859
-0.752697
-0.754534
-0.756371
-0.758207
-0.760043
-0.761878
-0.763712
-0.765546
-0.767379
-0.769212
-0.771044
-0.772875
-0.774706
-0.776537
-0.778367
-0.780195
-0.782024
-0.783852
-0.785679
-0.787506
-0.789332
-0.791158
-0.792982
-0.794807
-0.796631
-0.798454
-0.800276
-0.802098
-0.803919
-0.80574
-0.80756
-0.809379
-0.811199
-0.813017
-0.814834
-0.816651
-0.818467
-0.820283
-0.822098
-0.823913
-0.825726
-0.82754
-0.829352
-0.831165
-0.832976
-0.834786
-0.836596
-0.838406
-0.840215
-0.842023
-0.84383
-0.845637
-0.847443
-0.849249
-0.851053
-0.852858
-0.854661
-0.856465
-0.858267
-0.860069
-0.861869
-0.86367
-0.86547
-0.867268
-0.869067
-0.870865
-0.872662
-0.874458
-0.876254
-0.878049
-0.879843
-0.881637
-0.88343
-0.885222
-0.887014
-0.888805
-0.890595
-0.892385
-0.894174
-0.895962
-0.89775
-0.899537
-0.901323
-0.903108
-0.904894
-0.906678
-0.908461
-0.910244
-0.912026
-0.913807
-0.915588
-0.917368
-0.919147
-0.920926
-0.922704
-0.924481
-0.926258
-0.928033
-0.929809
-0.931583
-0.933357
-0.93513
-0.936902
-0.938673
-0.940444
-0.942214
-0.943984
-0.945753
-0.94752
-0.949288
-0.951054
-0.95282
-0.954585
-0.956349
-0.958113
-0.959876
-0.961638
-0.963399
-0.96516
-0.96692
-0.968679
-0.970438
-0.972195
-0.973952
-0.975708
-0.977464
-0.979219
-0.980973
-0.982726
-0.984478
-0.98623
-0.987981
-0.989732
-0.991481
-0.99323
-0.994978
-0.996725
-0.998472
-1.00022
-1.00196
-1.00371
-1.00545
-1.00719
-1.00893
-1.01068
-1.01242
-1.01416
-1.01589
-1.01763
-1.01937
-1.02111
-1.02284
-1.02458
-1.02631
-1.02804
-1.02978
-1.03151
-1.03324
-1.03497
-1.0367
-1.03843
-1.04016
-1.04188
-1.04361
-1.04533
-1.04706
-1.04878
-1.05051
-1.05223
-1.05395
-1.05567
-1.05739
-1.05911
-1.06083
-1.06255
-1.06426
-1.06598
-1.06769
-1.06941
-1.07112
-1.07283
-1.07454
-1.07626
-1.07797
-1.07968
-1.08138
-1.08309
-1.0848
-1.0865
-1.08821
-1.08991
-1.09162
-1.09332
-1.09502
-1.09672
-1.09842
-1.10012
-1.10182
-1.10352
-1.10522
-1.10691
-1.10861
-1.1103
-1.11199
-1.11369
-1.11538
-1.11707
-1.11876
-1.12045
-1.12214
-1.12383
-1.12551
-1.1272
-1.12888
-1.13057
-1.13225
-1.13393
-1.13561
-1.13729
-1.13897
-1.14065
-1.14233
-1.14401
-1.14568
-1.14736
-1.14903
-1.15071
-1.15238
-1.15405
-1.15572
-1.15739
-1.15906
-1.16073
-1.1624
-1.16407
-1.16573
-1.1674
-1.16906
-1.17072
-1.17239
-1.17405
-1.17571
-1.17737
-1.17903
-1.18068
-1.18234
-1.184
-1.18565
-1.1873
-1.18896
-1.19061
-1.19226
-1.19391
-1.19556
-1.19721
-1.19886
-1.2005
-1.20215
-1.2038
-1.20544
-1.20708
-1.20873
-1.21037
-1.21201
-1.21365
-1.21528
-1.21692
-1.21856
-1.22019
-1.22183
-1.22346
-1.2251
-1.22673
-1.22836
-1.22999
-1.23162
-1.23325
-1.23487
-1.2365
-1.23813
-1.23975
-1.24137
-1.243
-1.24462
-1.24624
-1.24786
-1.24948
-1.2511
-1.25271
-1.25433
-1.25594
-1.25756
-1.25917
-1.26078
-1.26239
-1.26401
-1.26561
-1.26722
-1.26883
-1.27044
-1.27204
-1.27365
-1.27525
-1.27685
-1.27845
-1.28005
-1.28165
-1.28325
-1.28485
-1.28645
-1.28804
-1.28964
-1.29123
-1.29282
-1.29441
-1.29601
-1.2976
-1.29918
-1.30077
-1.30236
-1.30394
-1.30553
-1.30711
-1.3087
-1.31028
-1.31186
-1.31344
-1.31502
-1.3166
-1.31817
-1.31975
-1.32132
-1.3229
-1.32447
-1.32604
-1.32761
-1.32918
-1.33075
-1.33232
-1.33388
-1.33545
-1.33702
-1.33858
-1.34014
-1.3417
-1.34326
-1.34482
-1.34638
-1.34794
-1.3495
-1.35105
-1.35261
-1.35416
-1.35571
-1.35726
-1.35881
-1.36036
-1.36191
-1.36346
-1.365
-1.36655
-1.36809
-1.36964
-1.37118
-1.37272
-1.37426
-1.3758
-1.37734
-1.37887
-1.38041
-1.38194
-1.38348
-1.38501
-1.38654
-1.38807
-1.3896
-1.39113
-1.39266
-1.39418
-1.39571
-1.39723
-1.39876
-1.40028
-1.4018
-1.40332
-1.40484
-1.40635
-1.40787
-1.40939
-1.4109
-1.41241
-1.41393
-1.41544
-1.41695
-1.41846
-1.41997
-1.42147
-1.42298
-1.42448
-1.42599
-1.42749
-1.42899
-1.43049
-1.43199
-1.43349
-1.43499
-1.43648
-1.43798
-1.43947
-1.44096
-1.44246
-1.44395
-1.44544
-1.44692
-1.44841
-1.4499
-1.45138
-1.45287
-1.45435
-1.45583
-1.45731
-1.45879
-1.46027
-1.46175
-1.46322
-1.4647
-1.46617
-1.46764
-1.46912
-1.47059
-1.47206
-1.47353
-1.47499
-1.47646
-1.47792
-1.47939
-1.48085
-1.48231
-1.48377
-1.48523
-1.48669
-1.48815
-1.4896
-1.49106
-1.49251
-1.49396
-1.49542
-1.49687
-1.49831
-1.49976
-1.50121
-1.50265
-1.5041
-1.50554
-1.50699
-1.50843
-1.50987
-1.51131
-1.51274
-1.51418
-1.51561
-1.51705
-1.51848
-1.51991
-1.52134
-1.52277
-1.5242
-1.52563
-1.52706
-1.52848
-1.52991
-1.53133
-1.53275
-1.53417
-1.53559
-1.53701
-1.53842
-1.53984
-1.54125
-1.54267
-1.54408
-1.54549
-1.5469
-1.54831
-1.54972
-1.55112
-1.55253
-1.55393
-1.55533
-1.55673
-1.55813
-1.55953
-1.56093
-1.56233
-1.56372
-1.56512
-1.56651
-1.5679
-1.56929
-1.57068
-1.57207
-1.57346
-1.57484
-1.57623
-1.57761
-1.579
-1.58038
-1.58176
-1.58314
-1.58451
-1.58589
-1.58726
-1.58864
-1.59001
-1.59138
-1.59275
-1.59412
-1.59549
-1.59686
-1.59822
-1.59959
-1.60095
-1.60231
-1.60367
-1.60503
-1.60639
-1.60775
-1.6091
-1.61046
-1.61181
-1.61316
-1.61451
-1.61586
-1.61721
-1.61856
-1.6199
-1.62125
-1.62259
-1.62393
-1.62527
-1.62661
-1.62795
-1.62929
-1.63062
-1.63196
-1.63329
-1.63462
-1.63596
-1.63729
-1.63861
-1.63994
-1.64127
-1.64259
-1.64391
-1.64524
-1.64656
-1.64788
-1.6492
-1.65051
-1.65183
-1.65314
-1.65446
-1.65577
-1.65708
-1.65839
-1.6597
-1.66101
-1.66231
-1.66362
-1.66492
-1.66622
-1.66752
-1.66882
-1.67012
-1.67142
-1.67271
-1.67401
-1.6753
-1.67659
-1.67788
-1.67917
-1.68046
-1.68175
-1.68303
-1.68432
-1.6856
-1.68688
-1.68816
-1.68944
-1.69072
-1.69199
-1.69327
-1.69454
-1.69582
-1.69709
-1.69836
-1.69963
-1.70089
-1.70216
-1.70342
-1.70469
-1.70595
-1.70721
-1.70847
-1.70973
-1.71099
-1.71224
-1.7135
-1.71475
-1.716
-1.71725
-1.7185
-1.71975
-1.721
-1.72224
-1.72348
-1.72473
-1.72597
-1.72721
-1.72845
-1.72968
-1.73092
-1.73216
-1.73339
-1.73462
-1.73585
-1.73708
-1.73831
-1.73954
-1.74076
-1.74199
-1.74321
-1.74443
-1.74565
-1.74687
-1.74809
-1.7493
-1.75052
-1.75173
-1.75294
-1.75416
-1.75536
-1.75657
-1.75778
-1.75899
-1.76019
-1.76139
-1.76259
-1.76379
-1.76499
-1.76619
-1.76739
-1.76858
-1.76977
-1.77097
-1.77216
-1.77335
-1.77453
-1.77572
-1.77691
-1.77809
-1.77927
-1.78045
-1.78163
-1.78281
-1.78399
-1.78517
-1.78634
-1.78751
-1.78869
-1.78986
-1.79102
-1.79219
-1.79336
-1.79452
-1.79569
-1.79685
-1.79801
-1.79917
-1.80033
-1.80148
-1.80264
-1.80379
-1.80495
-1.8061
-1.80725
-1.8084
-1.80954
-1.81069
-1.81183
-1.81298
-1.81412
-1.81526
-1.8164
-1.81753
-1.81867
-1.8198
-1.82094
-1.82207
-1.8232
-1.82433
-1.82546
-1.82658
-1.82771
-1.82883
-1.82995
-1.83107
-1.83219
-1.83331
-1.83443
-1.83554
-1.83666
-1.83777
-1.83888
-1.83999
-1.8411
-1.84221
-1.84331
-1.84441
-1.84552
-1.84662
-1.84772
-1.84882
-1.84991
-1.85101
-1.8521
-1.8532
-1.85429
-1.85538
-1.85647
-1.85755
-1.85864
-1.85972
-1.86081
-1.86189
-1.86297
-1.86405
-1.86512
-1.8662
-1.86727
-1.86835
-1.86942
-1.87049
-1.87156
-1.87262
-1.87369
-1.87475
-1.87582
-1.87688
-1.87794
-1.879
-1.88005
-1.88111
-1.88216
-1.88322
-1.88427
-1.88532
-1.88637
-1.88741
-1.88846
-1.8895
-1.89055
-1.89159
-1.89263
-1.89367
-1.8947
-1.89574
-1.89677
-1.8978
-1.89884
-1.89987
-1.90089
-1.90192
-1.90295
-1.90397
-1.90499
-1.90601
-1.90703
-1.90805
-1.90907
-1.91008
-1.9111
-1.91211
-1.91312
-1.91413
-1.91514
-1.91615
-1.91715
-1.91815
-1.91916
-1.92016
-1.92116
-1.92215
-1.92315
-1.92415
-1.92514
-1.92613
-1.92712
-1.92811
-1.9291
-1.93008
-1.93107
-1.93205
-1.93303
-1.93401
-1.93499
-1.93597
-1.93695
-1.93792
-1.93889
-1.93986
-1.94083
-1.9418
-1.94277
-1.94374
-1.9447
-1.94566
-1.94662
-1.94758
-1.94854
-1.9495
-1.95045
-1.95141
-1.95236
-1.95331
-1.95426
-1.9552
-1.95615
-1.9571
-1.95804
-1.95898
-1.95992
-1.96086
-1.9618
-1.96273
-1.96367
-1.9646
-1.96553
-1.96646
-1.96739
-1.96831
-1.96924
-1.97016
-1.97109
-1.97201
-1.97293
-1.97384
-1.97476
-1.97567
-1.97659
-1.9775
-1.97841
-1.97932
-1.98023
-1.98113
-1.98204
-1.98294
-1.98384
-1.98474
-1.98564
-1.98653
-1.98743
-1.98832
-1.98921
-1.9901
-1.99099
-1.99188
-1.99277
-1.99365
-1.99453
-1.99542
-1.9963
-1.99717
-1.99805
-1.99893
-1.9998
-2.00067
-2.00154
-2.00241
-2.00328
-2.00415
-2.00501
-2.00587
-2.00674
-2.0076
-2.00845
-2.00931
-2.01017
-2.01102
-2.01187
-2.01272
-2.01357
-2.01442
-2.01527
-2.01611
-2.01696
-2.0178
-2.01864
-2.01948
-2.02031
-2.02115
-2.02198
-2.02282
-2.02365
-2.02448
-2.0253
-2.02613
-2.02695
-2.02778
-2.0286
-2.02942
-2.03024
-2.03106
-2.03187
-2.03269
-2.0335
-2.03431
-2.03512
-2.03592
-2.03673
-2.03754
-2.03834
-2.03914
-2.03994
-2.04074
-2.04154
-2.04233
-2.04312
-2.04392
-2.04471
-2.0455
-2.04628
-2.04707
-2.04785
-2.04864
-2.04942
-2.0502
-2.05098
-2.05175
-2.05253
-2.0533
-2.05407
-2.05484
-2.05561
-2.05638
-2.05715
-2.05791
-2.05867
-2.05943
-2.06019
-2.06095
-2.06171
-2.06246
-2.06322
-2.06397
-2.06472
-2.06546
-2.06621
-2.06696
-2.0677
-2.06844
-2.06918
-2.06992
-2.07066
-2.0714
-2.07213
-2.07286
-2.07359
-2.07432
-2.07505
-2.07578
-2.0765
-2.07722
-2.07795
-2.07867
-2.07939
-2.0801
-2.08082
-2.08153
-2.08224
-2.08295
-2.08366
-2.08437
-2.08508
-2.08578
-2.08648
-2.08718
-2.08788
-2.08858
-2.08928
-2.08997
-2.09066
-2.09136
-2.09205
-2.09273
-2.09342
-2.09411
-2.09479
-2.09547
-2.09615
-2.09683
-2.09751
-2.09818
-2.09886
-2.09953
-2.1002
-2.10087
-2.10154
-2.1022
-2.10287
-2.10353
-2.10419
-2.10485
-2.10551
-2.10616
-2.10682
-2.10747
-2.10812
-2.10877
-2.10942
-2.11007
-2.11071
-2.11135
-2.112
-2.11264
-2.11328
-2.11391
-2.11455
-2.11518
-2.11581
-2.11644
-2.11707
-2.1177
-2.11833
-2.11895
-2.11957
-2.12019
-2.12081
-2.12143
-2.12205
-2.12266
-2.12327
-2.12388
-2.12449
-2.1251
-2.12571
-2.12631
-2.12692
-2.12752
-2.12812
-2.12872
-2.12931
-2.12991
-2.1305
-2.13109
-2.13168
-2.13227
-2.13286
-2.13344
-2.13403
-2.13461
-2.13519
-2.13577
-2.13634
-2.13692
-2.13749
-2.13807
-2.13864
-2.13921
-2.13977
-2.14034
-2.1409
-2.14147
-2.14203
-2.14259
-2.14314
-2.1437
-2.14425
-2.14481
-2.14536
-2.14591
-2.14645
-2.147
-2.14754
-2.14809
-2.14863
-2.14917
-2.14971
-2.15024
-2.15078
-2.15131
-2.15184
-2.15237
-2.1529
-2.15343
-2.15395
-2.15447
-2.15499
-2.15551
-2.15603
-2.15655
-2.15706
-2.15758
-2.15809
-2.1586
-2.15911
-2.15961
-2.16012
-2.16062
-2.16113
-2.16163
-2.16212
-2.16262
-2.16312
-2.16361
-2.1641
-2.16459
-2.16508
-2.16557
-2.16605
-2.16654
-2.16702
-2.1675
-2.16798
-2.16845
-2.16893
-2.1694
-2.16988
-2.17035
-2.17082
-2.17128
-2.17175
-2.17221
-2.17267
-2.17313
-2.17359
-2.17405
-2.17451
-2.17496
-2.17541
-2.17586
-2.17631
-2.17676
-2.17721
-2.17765
-2.17809
-2.17853
-2.17897
-2.17941
-2.17984
-2.18028
-2.18071
-2.18114
-2.18157
-2.182
-2.18242
-2.18285
-2.18327
-2.18369
-2.18411
-2.18453
-2.18494
-2.18536
-2.18577
-2.18618
-2.18659
-2.187
-2.1874
-2.18781
-2.18821
-2.18861
-2.18901
-2.18941
-2.1898
-2.1902
-2.19059
-2.19098
-2.19137
-2.19176
-2.19214
-2.19253
-2.19291
-2.19329
-2.19367
-2.19404
-2.19442
-2.19479
-2.19517
-2.19554
-2.19591
-2.19627
-2.19664
-2.197
-2.19737
-2.19773
-2.19809
-2.19844
-2.1988
-2.19915
-2.1995
-2.19986
-2.2002
-2.20055
-2.2009
-2.20124
-2.20158
-2.20192
-2.20226
-2.2026
-2.20294
-2.20327
-2.2036
-2.20393
-2.20426
-2.20459
-2.20491
-2.20524
-2.20556
-2.20588
-2.2062
-2.20652
-2.20683
-2.20714
-2.20746
-2.20777
-2.20808
-2.20838
-2.20869
-2.20899
-2.20929
-2.20959
-2.20989
-2.21019
-2.21048
-2.21078
-2.21107
-2.21136
-2.21165
-2.21194
-2.21222
-2.2125
-2.21279
-2.21307
-2.21334
-2.21362
-2.2139
-2.21417
-2.21444
-2.21471
-2.21498
-2.21524
-2.21551
-2.21577
-2.21603
-2.21629
-2.21655
-2.21681
-2.21706
-2.21732
-2.21757
-2.21782
-2.21807
-2.21831
-2.21856
-2.2188
-2.21904
-2.21928
-2.21952
-2.21975
-2.21999
-2.22022
-2.22045
-2.22068
-2.22091
-2.22114
-2.22136
-2.22158
-2.2218
-2.22202
-2.22224
-2.22246
-2.22267
-2.22288
-2.22309
-2.2233
-2.22351
-2.22372
-2.22392
-2.22412
-2.22432
-2.22452
-2.22472
-2.22491
-2.22511
-2.2253
-2.22549
-2.22568
-2.22587
-2.22605
-2.22623
-2.22642
-2.2266
-2.22678
-2.22695
-2.22713
-2.2273
-2.22747
-2.22764
-2.22781
-2.22798
-2.22814
-2.22831
-2.22847
-2.22863
-2.22879
-2.22894
-2.2291
-2.22925
-2.2294
-2.22955
-2.2297
-2.22985
-2.22999
-2.23013
-2.23028
-2.23041
-2.23055
-2.23069
-2.23082
-2.23096
-2.23109
-2.23122
-2.23134
-2.23147
-2.23159
-2.23172
-2.23184
-2.23196
-2.23207
-2.23219
-2.2323
-2.23242
-2.23253
-2.23264
-2.23274
-2.23285
-2.23295
-2.23305
-2.23315
-2.23325
-2.23335
-2.23345
-2.23354
-2.23363
-2.23372
-2.23381
-2.2339
-2.23398
-2.23407
-2.23415
-2.23423
-2.23431
-2.23438
-2.23446
-2.23453
-2.2346
-2.23467
-2.23474
-2.23481
-2.23487
-2.23493
-2.23499
-2.23505
-2.23511
-2.23517
-2.23522
-2.23528
-2.23533
-2.23538
-2.23542
-2.23547
-2.23551
-2.23556
-2.2356
-2.23564
-2.23567
-2.23571
-2.23574
-2.23578
-2.23581
-2.23584
-2.23586
-2.23589
-2.23591
-2.23593
-2.23596
-2.23597
-2.23599
-2.23601
-2.23602
-2.23603
-2.23604
-2.23605
-2.23606
-2.23606
-2.23607
-2.23607
-2.23607
-2.23607
-2.23606
-2.23606
-2.23605
-2.23604
-2.23603
-2.23602
-2.23601
-2.23599
-2.23597
-2.23596
-2.23593
-2.23591
-2.23589
-2.23586
-2.23584
-2.23581
-2.23578
-2.23574
-2.23571
-2.23567
-2.23564
-2.2356
-2.23556
-2.23551
-2.23547
-2.23542
-2.23538
-2.23533
-2.23528
-2.23522
-2.23517
-2.23511
-2.23505
-2.23499
-2.23493
-2.23487
-2.23481
-2.23474
-2.23467
-2.2346
-2.23453
-2.23446
-2.23438
-2.23431
-2.23423
-2.23415
-2.23407
-2.23398
-2.2339
-2.23381
-2.23372
-2.23363
-2.23354
-2.23345
-2.23335
-2.23325
-2.23315
-2.23305
-2.23295
-2.23285
-2.23274
-2.23264
-2.23253
-2.23242
-2.2323
-2.23219
-2.23207
-2.23196
-2.23184
-2.23172
-2.23159
-2.23147
-2.23134
-2.23122
-2.23109
-2.23096
-2.23082
-2.23069
-2.23055
-2.23041
-2.23027
-2.23013
-2.22999
-2.22985
-2.2297
-2.22955
-2.2294
-2.22925
-2.2291
-2.22894
-2.22879
-2.22863
-2.22847
-2.22831
-2.22814
-2.22798
-2.22781
-2.22764
-2.22747
-2.2273
-2.22713
-2.22695
-2.22678
-2.2266
-2.22642
-2.22623
-2.22605
-2.22587
-2.22568
-2.22549
-2.2253
-2.22511
-2.22491
-2.22472
-2.22452
-2.22432
-2.22412
-2.22392
-2.22371
-2.22351
-2.2233
-2.22309
-2.22288
-2.22267
-2.22246
-2.22224
-2.22202
-2.2218
-2.22158
-2.22136
-2.22113
-2.22091
-2.22068
-2.22045
-2.22022
-2.21999
-2.21975
-2.21952
-2.21928
-2.21904
-2.2188
-2.21856
-2.21831
-2.21806
-2.21782
-2.21757
-2.21732
-2.21706
-2.21681
-2.21655
-2.21629
-2.21603
-2.21577
-2.21551
-2.21524
-2.21498
-2.21471
-2.21444
-2.21417
-2.21389
-2.21362
-2.21334
-2.21306
-2.21278
-2.2125
-2.21222
-2.21193
-2.21165
-2.21136
-2.21107
-2.21078
-2.21048
-2.21019
-2.20989
-2.20959
-2.20929
-2.20899
-2.20869
-2.20838
-2.20807
-2.20777
-2.20746
-2.20714
-2.20683
-2.20651
-2.2062
-2.20588
-2.20556
-2.20524
-2.20491
-2.20459
-2.20426
-2.20393
-2.2036
-2.20327
-2.20293
-2.2026
-2.20226
-2.20192
-2.20158
-2.20124
-2.2009
-2.20055
-2.2002
-2.19985
-2.1995
-2.19915
-2.1988
-2.19844
-2.19808
-2.19773
-2.19736
-2.197
-2.19664
-2.19627
-2.19591
-2.19554
-2.19517
-2.19479
-2.19442
-2.19404
-2.19367
-2.19329
-2.19291
-2.19252
-2.19214
-2.19175
-2.19137
-2.19098
-2.19059
-2.19019
-2.1898
-2.1894
-2.18901
-2.18861
-2.18821
-2.1878
-2.1874
-2.18699
-2.18659
-2.18618
-2.18577
-2.18536
-2.18494
-2.18453
-2.18411
-2.18369
-2.18327
-2.18285
-2.18242
-2.182
-2.18157
-2.18114
-2.18071
-2.18028
-2.17984
-2.17941
-2.17897
-2.17853
-2.17809
-2.17765
-2.1772
-2.17676
-2.17631
-2.17586
-2.17541
-2.17496
-2.17451
-2.17405
-2.17359
-2.17314
-2.17268
-2.17221
-2.17175
-2.17128
-2.17082
-2.17035
-2.16988
-2.16941
-2.16893
-2.16846
-2.16798
-2.1675
-2.16702
-2.16654
-2.16606
-2.16557
-2.16508
-2.1646
-2.16411
-2.16361
-2.16312
-2.16263
-2.16213
-2.16163
-2.16113
-2.16063
-2.16013
-2.15962
-2.15911
-2.15861
-2.1581
-2.15758
-2.15707
-2.15656
-2.15604
-2.15552
-2.155
-2.15448
-2.15396
-2.15343
-2.15291
-2.15238
-2.15185
-2.15132
-2.15079
-2.15025
-2.14971
-2.14918
-2.14864
-2.1481
-2.14755
-2.14701
-2.14646
-2.14592
-2.14537
-2.14482
-2.14426
-2.14371
-2.14315
-2.1426
-2.14204
-2.14148
-2.14092
-2.14035
-2.13979
-2.13922
-2.13865
-2.13808
-2.13751
-2.13693
-2.13636
-2.13578
-2.1352
-2.13462
-2.13404
-2.13346
-2.13287
-2.13229
-2.1317
-2.13111
-2.13052
-2.12992
-2.12933
-2.12873
-2.12813
-2.12754
-2.12693
-2.12633
-2.12573
-2.12512
-2.12451
-2.1239
-2.12329
-2.12268
-2.12207
-2.12145
-2.12083
-2.12021
-2.11959
-2.11897
-2.11835
-2.11772
-2.11709
-2.11647
-2.11584
-2.1152
-2.11457
-2.11394
-2.1133
-2.11266
-2.11202
-2.11138
-2.11074
-2.11009
-2.10944
-2.1088
-2.10815
-2.1075
-2.10684
-2.10619
-2.10553
-2.10487
-2.10422
-2.10355
-2.10289
-2.10223
-2.10156
-2.1009
-2.10023
-2.09956
-2.09888
-2.09821
-2.09754
-2.09686
-2.09618
-2.0955
-2.09482
-2.09414
-2.09345
-2.09276
-2.09208
-2.09139
-2.0907
-2.09
-2.08931
-2.08861
-2.08792
-2.08722
-2.08652
-2.08581
-2.08511
-2.0844
-2.0837
-2.08299
-2.08228
-2.08157
-2.08085
-2.08014
-2.07942
-2.0787
-2.07798
-2.07726
-2.07654
-2.07582
-2.07509
-2.07436
-2.07363
-2.0729
-2.07217
-2.07144
-2.0707
-2.06996
-2.06922
-2.06848
-2.06774
-2.067
-2.06625
-2.06551
-2.06476
-2.06401
-2.06326
-2.06251
-2.06175
-2.061
-2.06024
-2.05948
-2.05872
-2.05796
-2.05719
-2.05643
-2.05566
-2.05489
-2.05412
-2.05335
-2.05258
-2.0518
-2.05103
-2.05025
-2.04947
-2.04869
-2.0479
-2.04712
-2.04634
-2.04555
-2.04476
-2.04397
-2.04318
-2.04238
-2.04159
-2.04079
-2.03999
-2.03919
-2.03839
-2.03759
-2.03679
-2.03598
-2.03517
-2.03436
-2.03355
-2.03274
-2.03193
-2.03111
-2.0303
-2.02948
-2.02866
-2.02784
-2.02701
-2.02619
-2.02536
-2.02454
-2.02371
-2.02288
-2.02204
-2.02121
-2.02038
-2.01954
-2.0187
-2.01786
-2.01702
-2.01618
-2.01533
-2.01449
-2.01364
-2.01279
-2.01194
-2.01109
-2.01023
-2.00938
-2.00852
-2.00766
-2.0068
-2.00594
-2.00508
-2.00422
-2.00335
-2.00248
-2.00161
-2.00074
-1.99987
-1.999
-1.99812
-1.99725
-1.99637
-1.99549
-1.99461
-1.99373
-1.99284
-1.99196
-1.99107
-1.99018
-1.98929
-1.9884
-1.9875
-1.98661
-1.98571
-1.98482
-1.98392
-1.98302
-1.98211
-1.98121
-1.98031
-1.9794
-1.97849
-1.97758
-1.97667
-1.97576
-1.97484
-1.97393
-1.97301
-1.97209
-1.97117
-1.97025
-1.96932
-1.9684
-1.96747
-1.96655
-1.96562
-1.96469
-1.96375
-1.96282
-1.96188
-1.96095
-1.96001
-1.95907
-1.95813
-1.95719
-1.95624
-1.9553
-1.95435
-1.9534
-1.95245
-1.9515
-1.95055
-1.94959
-1.94863
-1.94768
-1.94672
-1.94576
-1.9448
-1.94383
-1.94287
-1.9419
-1.94093
-1.93996
-1.93899
-1.93802
-1.93705
-1.93607
-1.93509
-1.93412
-1.93314
-1.93215
-1.93117
-1.93019
-1.9292
-1.92821
-1.92723
-1.92624
-1.92524
-1.92425
-1.92326
-1.92226
-1.92126
-1.92027
-1.91927
-1.91826
-1.91726
-1.91626
-1.91525
-1.91424
-1.91323
-1.91222
-1.91121
-1.9102
-1.90918
-1.90817
-1.90715
-1.90613
-1.90511
-1.90409
-1.90306
-1.90204
-1.90101
-1.89998
-1.89895
-1.89792
-1.89689
-1.89586
-1.89482
-1.89379
-1.89275
-1.89171
-1.89067
-1.88962
-1.88858
-1.88754
-1.88649
-1.88544
-1.88439
-1.88334
-1.88229
-1.88123
-1.88018
-1.87912
-1.87806
-1.877
-1.87594
-1.87488
-1.87382
-1.87275
-1.87169
-1.87062
-1.86955
-1.86848
-1.8674
-1.86633
-1.86526
-1.86418
-1.8631
-1.86202
-1.86094
-1.85986
-1.85877
-1.85769
-1.8566
-1.85551
-1.85443
-1.85333
-1.85224
-1.85115
-1.85005
-1.84896
-1.84786
-1.84676
-1.84566
-1.84456
-1.84345
-1.84235
-1.84124
-1.84014
-1.83903
-1.83792
-1.8368
-1.83569
-1.83458
-1.83346
-1.83234
-1.83122
-1.8301
-1.82898
-1.82786
-1.82673
-1.82561
-1.82448
-1.82335
-1.82222
-1.82109
-1.81996
-1.81882
-1.81769
-1.81655
-1.81541
-1.81427
-1.81313
-1.81199
-1.81085
-1.8097
-1.80856
-1.80741
-1.80626
-1.80511
-1.80396
-1.8028
-1.80165
-1.80049
-1.79933
-1.79817
-1.79701
-1.79585
-1.79469
-1.79353
-1.79236
-1.79119
-1.79002
-1.78885
-1.78768
-1.78651
-1.78534
-1.78416
-1.78298
-1.78181
-1.78063
-1.77945
-1.77826
-1.77708
-1.7759
-1.77471
-1.77352
-1.77233
-1.77114
-1.76995
-1.76876
-1.76757
-1.76637
-1.76517
-1.76397
-1.76278
-1.76157
-1.76037
-1.75917
-1.75796
-1.75676
-1.75555
-1.75434
-1.75313
-1.75192
-1.75071
-1.74949
-1.74828
-1.74706
-1.74584
-1.74462
-1.7434
-1.74218
-1.74095
-1.73973
-1.7385
-1.73728
-1.73605
-1.73482
-1.73358
-1.73235
-1.73112
-1.72988
-1.72865
-1.72741
-1.72617
-1.72493
-1.72369
-1.72244
-1.7212
-1.71995
-1.7187
-1.71746
-1.71621
-1.71495
-1.7137
-1.71245
-1.71119
-1.70994
-1.70868
-1.70742
-1.70616
-1.7049
-1.70363
-1.70237
-1.7011
-1.69984
-1.69857
-1.6973
-1.69603
-1.69476
-1.69348
-1.69221
-1.69093
-1.68966
-1.68838
-1.6871
-1.68582
-1.68454
-1.68325
-1.68197
-1.68068
-1.67939
-1.6781
-1.67681
-1.67552
-1.67423
-1.67294
-1.67164
-1.67035
-1.66905
-1.66775
-1.66645
-1.66515
-1.66384
-1.66254
-1.66124
-1.65993
-1.65862
-1.65731
-1.656
-1.65469
-1.65338
-1.65206
-1.65075
-1.64943
-1.64811
-1.64679
-1.64547
-1.64415
-1.64283
-1.64151
-1.64018
-1.63885
-1.63753
-1.6362
-1.63487
-1.63354
-1.6322
-1.63087
-1.62953
-1.6282
-1.62686
-1.62552
-1.62418
-1.62284
-1.6215
-1.62015
-1.61881
-1.61746
-1.61611
-1.61476
-1.61341
-1.61206
-1.61071
-1.60936
-1.608
-1.60664
-1.60529
-1.60393
-1.60257
-1.60121
-1.59984
-1.59848
-1.59712
-1.59575
-1.59438
-1.59301
-1.59165
-1.59027
-1.5889
-1.58753
-1.58615
-1.58478
-1.5834
-1.58202
-1.58064
-1.57926
-1.57788
-1.5765
-1.57512
-1.57373
-1.57234
-1.57096
-1.56957
-1.56818
-1.56679
-1.56539
-1.564
-1.5626
-1.56121
-1.55981
-1.55841
-1.55701
-1.55561
-1.55421
-1.55281
-1.5514
-1.55
-1.54859
-1.54718
-1.54577
-1.54436
-1.54295
-1.54154
-1.54013
-1.53871
-1.53729
-1.53588
-1.53446
-1.53304
-1.53162
-1.5302
-1.52877
-1.52735
-1.52592
-1.5245
-1.52307
-1.52164
-1.52021
-1.51878
-1.51735
-1.51591
-1.51448
-1.51304
-1.51161
-1.51017
-1.50873
-1.50729
-1.50585
-1.5044
-1.50296
-1.50152
-1.50007
-1.49862
-1.49717
-1.49572
-1.49427
-1.49282
-1.49137
-1.48991
-1.48846
-1.487
-1.48554
-1.48409
-1.48263
-1.48117
-1.4797
-1.47824
-1.47678
-1.47531
-1.47384
-1.47238
-1.47091
-1.46944
-1.46797
-1.46649
-1.46502
-1.46355
-1.46207
-1.46059
-1.45912
-1.45764
-1.45616
-1.45468
-1.45319
-1.45171
-1.45023
-1.44874
-1.44725
-1.44577
-1.44428
-1.44279
-1.4413
-1.43981
-1.43831
-1.43682
-1.43532
-1.43383
-1.43233
-1.43083
-1.42933
-1.42783
-1.42633
-1.42482
-1.42332
-1.42182
-1.42031
-1.4188
-1.41729
-1.41578
-1.41427
-1.41276
-1.41125
-1.40974
-1.40822
-1.4067
-1.40519
-1.40367
-1.40215
-1.40063
-1.39911
-1.39759
-1.39606
-1.39454
-1.39301
-1.39149
-1.38996
-1.38843
-1.3869
-1.38537
-1.38384
-1.38231
-1.38077
-1.37924
-1.3777
-1.37616
-1.37463
-1.37309
-1.37155
-1.37
-1.36846
-1.36692
-1.36537
-1.36383
-1.36228
-1.36073
-1.35919
-1.35764
-1.35609
-1.35453
-1.35298
-1.35143
-1.34987
-1.34832
-1.34676
-1.3452
-1.34364
-1.34208
-1.34052
-1.33896
-1.3374
-1.33583
-1.33427
-1.3327
-1.33114
-1.32957
-1.328
-1.32643
-1.32486
-1.32329
-1.32171
-1.32014
-1.31856
-1.31699
-1.31541
-1.31383
-1.31225
-1.31067
-1.30909
-1.30751
-1.30593
-1.30434
-1.30276
-1.30117
-1.29958
-1.298
-1.29641
-1.29482
-1.29323
-1.29163
-1.29004
-1.28845
-1.28685
-1.28526
-1.28366
-1.28206
-1.28046
-1.27886
-1.27726
-1.27566
-1.27406
-1.27245
-1.27085
-1.26924
-1.26764
-1.26603
-1.26442
-1.26281
-1.2612
-1.25959
-1.25798
-1.25636
-1.25475
-1.25313
-1.25152
-1.2499
-1.24828
-1.24666
-1.24504
-1.24342
-1.2418
-1.24018
-1.23855
-1.23693
-1.2353
-1.23368
-1.23205
-1.23042
-1.22879
-1.22716
-1.22553
-1.2239
-1.22227
-1.22063
-1.219
-1.21736
-1.21572
-1.21409
-1.21245
-1.21081
-1.20917
-1.20753
-1.20588
-1.20424
-1.2026
-1.20095
-1.1993
-1.19766
-1.19601
-1.19436
-1.19271
-1.19106
-1.18941
-1.18776
-1.1861
-1.18445
-1.18279
-1.18114
-1.17948
-1.17782
-1.17616
-1.1745
-1.17284
-1.17118
-1.16952
-1.16786
-1.16619
-1.16453
-1.16286
-1.1612
-1.15953
-1.15786
-1.15619
-1.15452
-1.15285
-1.15118
-1.1495
-1.14783
-1.14615
-1.14448
-1.1428
-1.14113
-1.13945
-1.13777
-1.13609
-1.13441
-1.13273
-1.13104
-1.12936
-1.12768
-1.12599
-1.12431
-1.12262
-1.12093
-1.11924
-1.11755
-1.11586
-1.11417
-1.11248
-1.11079
-1.10909
-1.1074
-1.1057
-1.10401
-1.10231
-1.10061
-1.09891
-1.09722
-1.09552
-1.09381
-1.09211
-1.09041
-1.08871
-1.087
-1.0853
-1.08359
-1.08188
-1.08018
-1.07847
-1.07676
-1.07505
-1.07334
-1.07162
-1.06991
-1.0682
-1.06648
-1.06477
-1.06305
-1.06134
-1.05962
-1.0579
-1.05618
-1.05446
-1.05274
-1.05102
-1.0493
-1.04757
-1.04585
-1.04413
-1.0424
-1.04067
-1.03895
-1.03722
-1.03549
-1.03376
-1.03203
-1.0303
-1.02857
-1.02683
-1.0251
-1.02337
-1.02163
-1.0199
-1.01816
-1.01642
-1.01468
-1.01295
-1.01121
-1.00947
-1.00772
-1.00598
-1.00424
-1.0025
-1.00075
-0.999008
-0.997262
-0.995515
-0.993768
-0.99202
-0.990271
-0.988522
-0.986771
-0.98502
-0.983269
-0.981516
-0.979763
-0.978009
-0.976254
-0.974499
-0.972743
-0.970986
-0.969228
-0.96747
-0.96571
-0.96395
-0.96219
-0.960428
-0.958666
-0.956904
-0.95514
-0.953375
-0.951611
-0.949845
-0.948078
-0.946311
-0.944543
-0.942774
-0.941005
-0.939235
-0.937464
-0.935693
-0.933921
-0.932148
-0.930374
-0.9286
-0.926825
-0.925049
-0.923273
-0.921496
-0.919718
-0.917939
-0.91616
-0.91438
-0.912599
-0.910818
-0.909036
-0.907253
-0.90547
-0.903686
-0.901901
-0.900116
-0.898329
-0.896542
-0.894755
-0.892967
-0.891178
-0.889388
-0.887598
-0.885807
-0.884016
-0.882223
-0.88043
-0.878637
-0.876842
-0.875047
-0.873252
-0.871456
-0.869658
-0.867861
-0.866063
-0.864264
-0.862464
-0.860664
-0.858863
-0.857062
-0.855259
-0.853456
-0.851653
-0.849849
-0.848044
-0.846239
-0.844433
-0.842626
-0.840819
-0.83901
-0.837202
-0.835393
-0.833583
-0.831772
-0.829961
-0.828149
-0.826336
-0.824524
-0.82271
-0.820895
-0.819081
-0.817265
-0.815449
-0.813632
-0.811814
-0.809996
-0.808178
-0.806358
-0.804539
-0.802718
-0.800897
-0.799076
-0.797253
-0.79543
-0.793607
-0.791782
-0.789957
-0.788132
-0.786306
-0.784479
-0.782653
-0.780825
-0.778996
-0.777168
-0.775338
-0.773508
-0.771677
-0.769846
-0.768014
-0.766182
-0.764348
-0.762515
-0.760681
-0.758846
-0.75701
-0.755175
-0.753338
-0.751501
-0.749663
-0.747825
-0.745986
-0.744147
-0.742307
-0.740466
-0.738625
-0.736784
-0.734941
-0.733099
-0.731255
-0.729411
-0.727567
-0.725722
-0.723876
-0.722031
-0.720184
-0.718336
-0.716489
-0.71464
-0.712791
-0.710943
-0.709092
-0.707242
-0.705391
-0.703539
-0.701687
-0.699835
-0.697982
-0.696128
-0.694274
-0.692419
-0.690564
-0.688708
-0.686852
-0.684995
-0.683138
-0.68128
-0.679421
-0.677563
-0.675703
-0.673844
-0.671983
-0.670122
-0.668261
-0.666399
-0.664536
-0.662674
-0.66081
-0.658946
-0.657082
-0.655216
-0.653351
-0.651485
-0.649619
-0.647751
-0.645884
-0.644016
-0.642147
-0.640279
-0.638409
-0.636539
-0.634669
-0.632798
-0.630927
-0.629055
-0.627183
-0.62531
-0.623437
-0.621563
-0.619688
-0.617814
-0.615939
-0.614063
-0.612187
-0.61031
-0.608433
-0.606556
-0.604678
-0.602799
-0.600921
-0.599041
-0.597161
-0.595282
-0.593401
-0.591519
-0.589638
-0.587756
-0.585873
-0.583991
-0.582107
-0.580223
-0.578339
-0.576454
-0.574569
-0.572684
-0.570798
-0.568911
-0.567025
-0.565137
-0.563249
-0.561361
-0.559473
-0.557583
-0.555694
-0.553804
-0.551914
-0.550023
-0.548132
-0.54624
-0.544349
-0.542456
-0.540564
-0.53867
-0.536777
-0.534883
-0.532988
-0.531093
-0.529198
-0.527303
-0.525406
-0.52351
-0.521613
-0.519716
-0.517819
-0.51592
-0.514022
-0.512123
-0.510224
-0.508324
-0.506425
-0.504524
-0.502623
-0.500722
-0.498821
-0.496918
-0.495017
-0.493114
-0.491211
-0.489308
-0.487404
-0.485499
-0.483595
-0.48169
-0.479785
-0.477879
-0.475973
-0.474067
-0.47216
-0.470253
-0.468346
-0.466438
-0.46453
-0.462621
-0.460713
-0.458803
-0.456894
-0.454984
-0.453074
-0.451163
-0.449253
-0.447341
-0.445429
-0.443518
-0.441605
-0.439692
-0.43778
-0.435866
-0.433953
-0.432039
-0.430125
-0.42821
-0.426295
-0.42438
-0.422464
-0.420549
-0.418632
-0.416715
-0.414799
-0.412882
-0.410964
-0.409047
-0.407128
-0.40521
-0.403291
-0.401372
-0.399453
-0.397533
-0.395613
-0.393693
-0.391773
-0.389852
-0.387931
-0.386009
-0.384087
-0.382166
-0.380243
-0.37832
-0.376398
-0.374475
-0.372551
-0.370628
-0.368703
-0.366779
-0.364855
-0.36293
-0.361004
-0.359079
-0.357153
-0.355227
-0.353302
-0.351375
-0.349448
-0.347521
-0.345594
-0.343666
-0.341739
-0.33981
-0.337882
-0.335954
-0.334024
-0.332095
-0.330166
-0.328236
-0.326306
-0.324377
-0.322446
-0.320515
-0.318585
-0.316654
-0.314722
-0.312791
-0.310859
-0.308927
-0.306995
-0.305062
-0.303129
-0.301197
-0.299263
-0.29733
-0.295396
-0.293462
-0.291528
-0.289594
-0.287659
-0.285724
-0.28379
-0.281854
-0.279919
-0.277984
-0.276047
-0.274111
-0.272175
-0.270239
-0.268302
-0.266365
-0.264428
-0.262491
-0.260554
-0.258616
-0.256678
-0.25474
-0.252801
-0.250864
-0.248925
-0.246986
-0.245047
-0.243108
-0.241168
-0.239229
-0.237289
-0.235349
-0.233409
-0.231469
-0.229528
-0.227588
-0.225647
-0.223705
-0.221765
-0.219823
-0.217881
-0.21594
-0.213998
-0.212056
-0.210114
-0.208172
-0.206229
-0.204287
-0.202344
-0.200401
-0.198458
-0.196515
-0.194571
-0.192628
-0.190684
-0.18874
-0.186796
-0.184852
-0.182907
-0.180964
-0.179019
-0.177074
-0.17513
-0.173184
-0.171239
-0.169294
-0.167349
-0.165403
-0.163458
-0.161512
-0.159566
-0.157621
-0.155674
-0.153728
-0.151782
-0.149835
-0.147888
-0.145942
-0.143995
-0.142048
-0.140102
-0.138154
-0.136207
-0.13426
-0.132313
-0.130365
-0.128418
-0.12647
-0.124523
-0.122574
-0.120626
-0.118679
-0.11673
-0.114782
-0.112834
-0.110885
-0.108936
-0.106988
-0.105039
-0.10309
-0.101142
-0.0991929
-0.0972437
-0.0952952
-0.0933458
-0.0913963
-0.0894476
-0.087498
-0.0855483
-0.0835994
-0.0816496
-0.0796997
-0.0777506
-0.0758006
-0.0738506
-0.0719013
-0.0699511
-0.0680009
-0.0660515
-0.0641012
-0.0621508
-0.0602012
-0.0582508
-0.0563003
-0.0543506
-0.0524
-0.0504494
-0.0484995
-0.0465488
-0.0445981
-0.0426482
-0.0406974
-0.0387465
-0.0367965
-0.0348456
-0.0328947
-0.0309446
-0.0289936
-0.0270426
-0.0250924
-0.0231414
-0.0211904
-0.0192401
-0.0172891
-0.015338
-0.0133877
-0.0114366
-0.00948547
-0.00753519
-0.00558405
-0.00363291
-0.00168262
0.000268532
0.00221968
0.00416997
0.00612111
0.00807225
0.0100225
0.0119737
0.0139239
0.015875
0.0178261
0.0197763
0.0217274
0.0236784
0.0256286
0.0275796
0.0295306
0.0314807
0.0334317
0.0353826
0.0373326
0.0392835
0.0412343
0.0431843
0.045135
0.0470858
0.0490356
0.0509863
0.0529369
0.0548866
0.0568372
0.0587877
0.0607373
0.0626877
0.064638
0.0665875
0.0685377
0.0704879
0.0724372
0.0743873
0.0763374
0.0782865
0.0802364
0.0821863
0.0841352
0.086085
0.0880346
0.0899834
0.0919329
0.0938824
0.0958309
0.0977802
0.0997295
0.101678
0.103627
0.105576
0.107524
0.109473
0.111422
0.113369
0.115318
0.117267
0.119214
0.121162
0.123111
0.125058
0.127006
0.128954
0.130901
0.132849
0.134796
0.136743
0.13869
0.140638
0.142584
0.144531
0.146478
0.148424
0.150371
0.152317
0.154264
0.15621
0.158155
0.160102
0.162048
0.163993
0.165939
0.167884
0.169829
0.171775
0.17372
0.175664
0.177609
0.179554
0.181498
0.183443
0.185387
0.187331
0.189275
0.191219
0.193162
0.195106
0.19705
0.198992
0.200935
0.202879
0.204821
0.206764
0.208706
0.210648
0.21259
0.214533
0.216474
0.218416
0.220358
0.222298
0.22424
0.226181
0.228121
0.230062
0.232003
0.233942
0.235883
0.237823
0.239762
0.241702
0.243641
0.24558
0.247519
0.249458
0.251396
0.253335
0.255274
0.257211
0.259149
0.261087
0.263024
0.264961
0.266899
0.268835
0.270772
0.272709
0.274644
0.27658
0.278517
0.280451
0.282387
0.284323
0.286257
0.288192
0.290127
0.29206
0.293995
0.295928
0.297862
0.299795
0.301728
0.303661
0.305594
0.307526
0.309458
0.311391
0.313322
0.315254
0.317185
0.319116
0.321047
0.322978
0.324907
0.326838
0.328768
0.330697
0.332626
0.334556
0.336484
0.338413
0.340341
0.342268
0.344197
0.346124
0.348051
0.349978
0.351905
0.353831
0.355757
0.357684
0.359609
0.361534
0.36346
0.365384
0.367309
0.369233
0.371156
0.37308
0.375004
0.376927
0.37885
0.380773
0.382694
0.384616
0.386538
0.388459
0.39038
0.392301
0.394221
0.396142
0.398062
0.399981
0.4019
0.40382
0.405738
0.407656
0.409575
0.411492
0.413409
0.415327
0.417243
0.41916
0.421076
0.422991
0.424907
0.426823
0.428737
0.430652
0.432565
0.434479
0.436393
0.438306
0.440219
0.442132
0.444043
0.445955
0.447867
0.449778
0.451689
0.4536
0.455509
0.457419
0.459329
0.461237
0.463147
0.465055
0.466963
0.468871
0.470778
0.472685
0.474591
0.476498
0.478403
0.480309
0.482215
0.484119
0.486023
0.487928
0.489831
0.491734
0.493638
0.49554
0.497442
0.499344
0.501245
0.503146
0.505047
0.506947
0.508847
0.510747
0.512645
0.514544
0.516443
0.51834
0.520238
0.522136
0.524032
0.525928
0.527825
0.529719
0.531615
0.53351
0.535404
0.537298
0.539192
0.541084
0.542977
0.54487
0.546761
0.548653
0.550544
0.552434
0.554325
0.556215
0.558103
0.559992
0.561881
0.563769
0.565657
0.567543
0.56943
0.571317
0.573202
0.575088
0.576973
0.578857
0.580742
0.582626
0.584508
0.586392
0.588274
0.590155
0.592037
0.593919
0.595798
0.597679
0.599559
0.601438
0.603317
0.605195
0.607072
0.60895
0.610827
0.612703
0.614579
0.616455
0.61833
0.620204
0.622079
0.623952
0.625825
0.627698
0.62957
0.631442
0.633313
0.635183
0.637054
0.638924
0.640793
0.642662
0.64453
0.646398
0.648265
0.650132
0.651998
0.653864
0.65573
0.657594
0.659459
0.661323
0.663186
0.665049
0.666911
0.668773
0.670634
0.672495
0.674355
0.676215
0.678075
0.679933
0.681791
0.683649
0.685506
0.687363
0.689219
0.691074
0.69293
0.694785
0.696638
0.698492
0.700344
0.702197
0.704049
0.7059
0.707751
0.709602
0.711451
0.7133
0.715149
0.716997
0.718845
0.720692
0.722538
0.724384
0.72623
0.728074
0.729919
0.731763
0.733605
0.735448
0.737291
0.739131
0.740973
0.742813
0.744653
0.746492
0.748331
0.750169
0.752006
0.753844
0.755679
0.757515
0.759351
0.761185
0.763019
0.764853
0.766685
0.768518
0.77035
0.772181
0.774011
0.775842
0.777671
0.7795
0.781328
0.783155
0.784982
0.786809
0.788634
0.79046
0.792285
0.794108
0.795932
0.797755
0.799576
0.801398
0.80322
0.805039
0.806859
0.808679
0.810497
0.812315
0.814133
0.815948
0.817765
0.819581
0.821395
0.823209
0.825023
0.826835
0.828648
0.83046
0.83227
0.834081
0.83589
0.8377
0.839508
0.841316
0.843123
0.84493
0.846735
0.848541
0.850346
0.852149
0.853953
0.855756
0.857557
0.859359
0.86116
0.862959
0.864759
0.866558
0.868355
0.870153
0.87195
0.873746
0.875541
0.877337
0.87913
0.880924
0.882717
0.884508
0.8863
0.888091
0.88988
0.89167
0.893459
0.895247
0.897034
0.898821
0.900607
0.902392
0.904177
0.90596
0.907744
0.909527
0.911308
0.913089
0.91487
0.916649
0.918429
0.920207
0.921984
0.923762
0.925538
0.927313
0.929088
0.930863
0.932636
0.934409
0.936181
0.937952
0.939722
0.941493
0.943261
0.94503
0.946798
0.948564
0.950331
0.952097
0.953861
0.955625
0.957389
0.959151
0.960913
0.962674
0.964435
0.966195
0.967953
0.969712
0.971469
0.973225
0.974982
0.976737
0.978491
0.980245
0.981999
0.98375
0.985502
0.987253
0.989003
0.990752
0.992501
0.994248
0.995996
0.997742
0.999487
