1
1.00131
1.00261
1.00392
1.00522
1.00652
1.00782
1.00912
1.01042
1.01171
1.013
1.01429
1.01558
1.01687
1.01815
1.01944
1.02072
1.022
1.02328
1.02455
1.02583
1.0271
1.02837
1.02964
1.0309
1.03217
1.03343
1.03469
1.03595
1.0372
1.03846
1.03971
1.04096
1.04221
1.04346
1.0447
1.04594
1.04718
1.04842
1.04966
1.05089
1.05213
1.05336
1.05458
1.05581
1.05703
1.05826
1.05948
1.06069
1.06191
1.06312
1.06433
1.06554
1.06675
1.06795
1.06916
1.07036
1.07155
1.07275
1.07394
1.07513
1.07632
1.07751
1.07869
1.07988
1.08106
1.08223
1.08341
1.08458
1.08575
1.08692
1.08809
1.08925
1.09041
1.09157
1.09273
1.09388
1.09503
1.09618
1.09733
1.09847
1.09962
1.10076
1.10189
1.10303
1.10416
1.10529
1.10642
1.10754
1.10867
1.10979
1.1109
1.11202
1.11313
1.11424
1.11535
1.11645
1.11755
1.11865
1.11975
1.12084
1.12194
1.12303
1.12411
1.1252
1.12628
1.12736
1.12843
1.1295
1.13058
1.13164
1.13271
1.13377
1.13483
1.13589
1.13694
1.13799
1.13904
1.14009
1.14113
1.14217
1.14321
1.14425
1.14528
1.14631
1.14733
1.14836
1.14938
1.1504
1.15141
1.15242
1.15343
1.15444
1.15544
1.15644
1.15744
1.15844
1.15943
1.16042
1.1614
1.16239
1.16337
1.16434
1.16532
1.16629
1.16726
1.16822
1.16918
1.17014
1.1711
1.17205
1.173
1.17395
1.17489
1.17583
1.17677
1.17771
1.17864
1.17957
1.18049
1.18141
1.18233
1.18325
1.18416
1.18507
1.18598
1.18688
1.18778
1.18868
1.18957
1.19046
1.19135
1.19223
1.19311
1.19399
1.19486
1.19573
1.1966
1.19746
1.19832
1.19918
1.20004
1.20089
1.20173
1.20258
1.20342
1.20425
1.20509
1.20592
1.20675
1.20757
1.20839
1.20921
1.21002
1.21083
1.21164
1.21244
1.21324
1.21403
1.21483
1.21561
1.2164
1.21718
1.21796
1.21873
1.21951
1.22027
1.22104
1.2218
1.22255
1.22331
1.22406
1.2248
1.22554
1.22628
1.22702
1.22775
1.22848
1.2292
1.22992
1.23064
1.23135
1.23206
1.23276
1.23346
1.23416
1.23486
1.23555
1.23623
1.23692
1.23759
1.23827
1.23894
1.23961
1.24027
1.24093
1.24159
1.24224
1.24289
1.24353
1.24417
1.24481
1.24544
1.24607
1.24669
1.24731
1.24793
1.24854
1.24915
1.24975
1.25035
1.25095
1.25154
1.25213
1.25272
1.2533
1.25387
1.25444
1.25501
1.25558
1.25614
1.25669
1.25724
1.25779
1.25833
1.25887
1.25941
1.25994
1.26047
1.26099
1.26151
1.26202
1.26253
1.26303
1.26354
1.26403
1.26453
1.26501
1.2655
1.26598
1.26645
1.26692
1.26739
1.26785
1.26831
1.26876
1.26921
1.26966
1.2701
1.27053
1.27096
1.27139
1.27181
1.27223
1.27265
1.27306
1.27346
1.27386
1.27426
1.27465
1.27503
1.27541
1.27579
1.27617
1.27653
1.2769
1.27726
1.27761
1.27796
1.2783
1.27865
1.27898
1.27931
1.27964
1.27996
1.28028
1.28059
1.2809
1.2812
1.2815
1.28179
1.28208
1.28236
1.28264
1.28291
1.28318
1.28345
1.28371
1.28396
1.28421
1.28446
1.2847
1.28493
1.28516
1.28539
1.28561
1.28582
1.28603
1.28624
1.28644
1.28663
1.28682
1.28701
1.28719
1.28736
1.28753
1.2877
1.28786
1.28801
1.28816
1.2883
1.28844
1.28858
1.28871
1.28883
1.28895
1.28906
1.28917
1.28927
1.28937
1.28946
1.28955
1.28963
1.28971
1.28978
1.28984
1.2899
1.28996
1.29001
1.29005
1.29009
1.29012
1.29015
1.29017
1.29019
1.2902
1.29021
1.29021
1.29021
1.29019
1.29018
1.29016
1.29013
1.2901
1.29006
1.29002
1.28997
1.28991
1.28985
1.28978
1.28971
1.28963
1.28955
1.28946
1.28937
1.28927
1.28916
1.28905
1.28893
1.2888
1.28867
1.28854
1.2884
1.28825
1.2881
1.28794
1.28777
1.2876
1.28743
1.28724
1.28705
1.28686
1.28666
1.28645
1.28624
1.28602
1.2858
1.28557
1.28533
1.28509
1.28484
1.28458
1.28432
1.28405
1.28378
1.2835
1.28321
1.28292
1.28262
1.28231
1.282
1.28169
1.28136
1.28103
1.28069
1.28035
1.28
1.27965
1.27928
1.27892
1.27854
1.27816
1.27777
1.27738
1.27698
1.27657
1.27615
1.27573
1.27531
1.27487
1.27443
1.27398
1.27353
1.27307
1.2726
1.27213
1.27165
1.27116
1.27067
1.27016
1.26966
1.26914
1.26862
1.26809
1.26756
1.26702
1.26647
1.26591
1.26535
1.26478
1.2642
1.26362
1.26303
1.26243
1.26182
1.26121
1.26059
1.25997
1.25933
1.25869
1.25804
1.25739
1.25673
1.25606
1.25538
1.2547
1.254
1.25331
1.2526
1.25189
1.25117
1.25044
1.2497
1.24896
1.24821
1.24745
1.24669
1.24591
1.24513
1.24434
1.24355
1.24274
1.24193
1.24111
1.24029
1.23945
1.23861
1.23776
1.2369
1.23604
1.23517
1.23429
1.2334
1.2325
1.2316
1.23068
1.22976
1.22883
1.2279
1.22695
1.226
1.22504
1.22407
1.22309
1.22211
1.22112
1.22011
1.2191
1.21809
1.21706
1.21603
1.21498
1.21393
1.21287
1.2118
1.21073
1.20964
1.20855
1.20745
1.20634
1.20522
1.20409
1.20295
1.20181
1.20066
1.19949
1.19832
1.19714
1.19596
1.19476
1.19355
1.19234
1.19111
1.18988
1.18864
1.18739
1.18613
1.18486
1.18358
1.18229
1.181
1.17969
1.17838
1.17706
1.17572
1.17438
1.17303
1.17167
1.1703
1.16892
1.16753
1.16613
1.16472
1.16331
1.16188
1.16044
1.159
1.15754
1.15607
1.1546
1.15311
1.15162
1.15012
1.1486
1.14708
1.14554
1.144
1.14244
1.14088
1.13931
1.13772
1.13613
1.13452
1.13291
1.13128
1.12965
1.128
1.12635
1.12468
1.123
1.12132
1.11962
1.11791
1.11619
1.11446
1.11272
1.11097
1.10921
1.10744
1.10565
1.10386
1.10206
1.10024
1.09841
1.09658
1.09473
1.09287
1.091
1.08911
1.08722
1.08532
1.0834
1.08147
1.07954
1.07759
1.07562
1.07365
1.07167
1.06967
1.06766
1.06565
1.06361
1.06157
1.05952
1.05745
1.05537
1.05328
1.05118
1.04907
1.04694
1.0448
1.04265
1.04049
1.03831
1.03612
1.03392
1.03171
1.02949
1.02725
1.025
1.02274
1.02046
1.01817
1.01587
1.01356
1.01123
1.00889
1.00654
1.00417
1.00179
0.999402
0.996996
0.994578
0.992146
0.989701
0.987242
0.984769
0.982284
0.979784
0.977271
0.974744
0.972203
0.969649
0.96708
0.964497
0.961901
0.95929
0.956665
0.954026
0.951373
0.948705
0.946023
0.943326
0.940615
0.937889
0.935148
0.932393
0.929623
0.926838
0.924038
0.921223
0.918393
0.915547
0.912687
0.909811
0.90692
0.904013
0.901091
0.898153
0.8952
0.892231
0.889246
0.886245
0.883228
0.880195
0.877146
0.874081
0.871
0.867902
0.864788
0.861657
0.85851
0.855346
0.852165
0.848967
0.845753
0.842521
0.839273
0.836007
0.832724
0.829424
0.826106
0.82277
0.819417
0.816047
0.812658
0.809252
0.805828
0.802385
0.798925
0.795446
0.791949
0.788433
0.784899
0.781347
0.777775
0.774185
0.770576
0.766948
0.7633
0.759634
0.755948
0.752242
0.748517
0.744773
0.741008
0.737224
0.73342
0.729596
0.725751
0.721886
0.718001
0.714096
0.710169
0.706222
0.702254
0.698265
0.694255
0.690224
0.686171
0.682097
0.678001
0.673883
0.669744
0.665583
0.661399
0.657194
0.652965
0.648715
0.644442
0.640146
0.635827
0.631486
0.627121
0.622732
0.618321
0.613886
0.609426
0.604944
0.600437
0.595906
0.59135
0.586771
0.582166
0.577537
0.572883
0.568204
0.5635
0.55877
0.554015
0.549234
0.544427
0.539594
0.534736
0.52985
0.524938
0.52
0.515034
0.510042
0.505022
0.499975
0.4949
0.489798
0.484668
0.479509
0.474323
0.469108
0.463864
0.458591
0.453289
0.447958
0.442598
0.437207
0.431787
0.426337
0.420857
0.415346
0.409804
0.404232
0.398628
0.392993
0.387327
0.381628
0.375898
0.370136
0.364341
0.358513
0.352653
0.346759
0.340832
0.334871
0.328877
0.322848
0.316785
0.310687
0.304555
0.298387
0.292184
0.285945
0.27967
0.27336
0.267012
0.260628
0.254207
0.247749
0.241253
0.234719
0.228147
0.221536
0.214887
0.208199
0.201471
0.194703
0.187897
0.181049
0.174161
0.167232
0.160262
0.15325
0.146197
0.139101
0.131963
0.124781
0.117557
0.110289
0.102977
0.0956196
0.0882184
0.0807721
0.0732803
0.0657426
0.0581582
0.0505277
0.0428501
0.0351252
0.0273524
0.0195308
0.0116611
0.00374243
-0.00422577
-0.0122439
-0.020313
-0.0284322
-0.0366027
-0.0448249
-0.0530992
-0.0614268
-0.0698068
-0.0782404
-0.086728
-0.0952701
-0.103868
-0.112521
-0.121229
-0.129994
-0.138817
-0.147697
-0.156635
-0.165632
-0.174687
-0.183804
-0.192979
-0.202216
-0.211514
-0.220874
-0.230298
-0.239784
-0.249334
-0.258948
-0.268628
-0.278374
-0.288185
-0.298064
-0.30801
-0.318025
-0.328109
-0.338263
-0.348487
-0.358782
-0.369148
-0.379589
-0.390101
-0.400688
-0.41135
-0.422087
-0.432901
-0.443792
-0.454761
-0.465809
-0.476937
-0.488145
-0.499434
-0.510805
-0.522259
-0.533799
-0.545422
-0.557131
-0.568927
-0.580811
-0.592784
-0.604846
-0.616998
-0.629242
-0.641579
-0.654011
-0.666536
-0.679157
-0.691876
-0.704692
-0.717608
-0.730624
-0.743741
-0.756961
-0.770285
-0.783715
-0.797251
-0.810893
-0.824645
-0.838507
-0.852482
-0.866568
-0.880769
-0.895085
-0.909519
-0.924071
-0.938743
-0.953536
-0.968452
-0.983493
-0.99866
-1.01395
-1.02938
-1.04493
-1.06062
-1.07644
-1.0924
-1.10849
-1.12473
-1.14111
-1.15763
-1.17429
-1.1911
-1.20807
-1.22518
-1.24244
-1.25987
-1.27744
-1.29518
-1.31308
-1.33115
-1.34938
-1.36778
-1.38635
-1.40509
-1.42401
-1.44311
-1.46239
-1.48185
-1.5015
-1.52134
-1.54137
-1.56159
-1.58201
-1.60264
-1.62346
-1.6445
-1.66574
-1.68719
-1.70887
-1.73076
-1.75287
-1.77521
-1.79778
-1.82059
-1.84363
-1.86691
-1.89044
-1.91421
-1.93824
-1.96253
-1.98708
-2.01189
-2.03698
-2.06233
-2.08797
-2.11389
-2.1401
-2.16661
-2.19341
-2.22051
-2.24793
-2.27566
-2.30371
-2.33209
-2.36079
-2.38984
-2.41923
-2.44897
-2.47906
-2.50952
-2.54035
-2.57156
-2.60315
-2.63513
-2.6675
-2.70029
-2.73349
-2.76711
-2.80116
-2.83565
-2.87058
-2.90598
-2.94183
-2.97817
-3.01498
-3.0523
-3.09012
-3.12845
-3.16731
-3.2067
-3.24665
-3.28715
-3.32823
-3.36989
-3.41215
-3.45502
-3.49852
-3.54265
-3.58744
-3.63289
-3.67903
-3.72587
-3.77342
-3.8217
-3.87074
-3.92054
-3.97113
-4.02252
-4.07473
-4.1278
-4.18173
-4.23654
-4.29227
-4.34892
-4.40654
-4.46514
-4.52475
-4.58539
-4.64709
-4.70988
-4.7738
-4.83887
-4.90512
-4.97258
-5.04131
-5.11131
-5.18263
-5.25532
-5.32941
-5.40495
-5.48197
-5.56052
-5.64064
-5.7224
-5.80584
-5.891
-5.97795
-6.06674
-6.15743
-6.2501
-6.34479
-6.44157
-6.54053
-6.64174
-6.74527
-6.85121
-6.95963
-7.07064
-7.18432
-7.30078
-7.42011
-7.54243
-7.66786
-7.79651
-7.92851
-8.06398
-8.20309
-8.34596
-8.49278
-8.64369
-8.79886
-8.95849
-9.12278
-9.29194
-9.46617
-9.64572
-9.83083
-10.0218
-10.2189
-10.4223
-10.6325
-10.8498
-11.0745
-11.3071
-11.5479
-11.7974
-12.0561
-12.3245
-12.6032
-12.8928
-13.1938
-13.5071
-13.8334
-14.1735
-14.5283
-14.8988
-15.2861
-15.6913
-16.1158
-16.5608
-17.028
-17.5191
-18.0361
-18.5808
-19.1557
-19.7633
-20.4066
-21.0888
-21.8135
-22.5848
-23.4074
-24.2866
-25.2286
-26.2401
-27.3293
-28.5055
-29.7795
-31.1642
-32.6745
-34.3284
-36.1474
-38.1577
-40.3912
-42.8869
-45.6943
-48.8754
-52.5105
-56.7046
-61.5965
-67.3768
-74.3117
-82.7867
-93.3767
-106.988
-125.129
-150.512
-188.563
-251.898
-378.283
-755.186
-85046.4
772.842
385.697
257.415
193.416
155.061
129.508
111.267
97.5898
86.955
78.4487
71.4893
65.6909
60.7849
56.5799
52.9357
49.7468
46.9332
44.4323
42.1945
40.1804
38.3579
36.7011
35.1882
33.8014
32.5252
31.3472
30.2564
29.2434
28.3001
27.4195
26.5957
25.8233
25.0976
24.4145
23.7703
23.1618
22.5861
22.0406
21.523
21.0311
20.5632
20.1175
19.6924
19.2866
18.8986
18.5275
18.1721
17.8315
17.5046
17.1907
16.8891
16.599
16.3198
16.0509
15.7916
15.5416
15.3002
15.0671
14.8418
14.624
14.4133
14.2093
14.0117
13.8202
13.6345
13.4544
13.2796
13.1099
12.9451
12.7849
12.6292
12.4777
12.3303
12.1869
12.0472
11.9111
11.7785
11.6493
11.5233
11.4004
11.2804
11.1634
11.0491
10.9374
10.8284
10.7218
10.6177
10.5158
10.4162
10.3188
10.2234
10.1301
10.0387
9.94928
9.86166
9.77581
9.69169
9.60923
9.5284
9.44915
9.37141
9.29516
9.22034
9.14692
9.07486
9.00411
8.93465
8.86642
8.79941
8.73357
8.66888
8.60531
8.54281
8.48138
8.42097
8.36157
8.30314
8.24566
8.18911
8.13346
8.0787
8.02479
7.97172
7.91947
7.86802
7.81735
7.76744
7.71827
7.66983
7.6221
7.57506
7.52869
7.48299
7.43794
7.39351
7.34971
7.30651
7.2639
7.22187
7.1804
7.13949
7.09912
7.05928
7.01996
6.98115
6.94284
6.90501
6.86767
6.83079
6.79437
6.7584
6.72287
6.68777
6.6531
6.61885
6.58499
6.55154
6.51849
6.48581
6.45352
6.42159
6.39002
6.35882
6.32796
6.29745
6.26727
6.23742
6.2079
6.1787
6.14981
6.12123
6.09295
6.06497
6.03729
6.00989
5.98277
5.95593
5.92936
5.90306
5.87702
5.85124
5.82572
5.80045
5.77542
5.75063
5.72609
5.70178
5.6777
5.65384
5.63021
5.6068
5.58361
5.56063
5.53786
5.51529
5.49293
5.47077
5.44881
5.42703
5.40545
5.38406
5.36286
5.34183
5.32099
5.30032
5.27983
5.25951
5.23936
5.21937
5.19955
5.17989
5.1604
5.14106
5.12187
5.10284
5.08396
5.06522
5.04664
5.0282
5.0099
4.99174
4.97372
4.95584
4.93809
4.92048
4.90299
4.88564
4.86841
4.85131
4.83434
4.81748
4.80075
4.78414
4.76765
4.75127
4.73501
4.71886
4.70282
4.68689
4.67108
4.65537
4.63977
4.62427
4.60887
4.59358
4.57839
4.5633
4.54831
4.53341
4.51861
4.50391
4.4893
4.47478
4.46035
4.44602
4.43177
4.41762
4.40354
4.38956
4.37566
4.36185
4.34812
4.33447
4.3209
4.30741
4.294
4.28067
4.26742
4.25425
4.24115
4.22812
4.21517
4.20229
4.18949
4.17676
4.16409
4.1515
4.13898
4.12652
4.11414
4.10182
4.08956
4.07737
4.06525
4.05319
4.04119
4.02926
4.01739
4.00558
3.99383
3.98214
3.97051
3.95894
3.94742
3.93597
3.92457
3.91322
3.90194
3.89071
3.87953
3.8684
3.85733
3.84632
3.83535
3.82444
3.81358
3.80277
3.79201
3.7813
3.77063
3.76002
3.74946
3.73894
3.72847
3.71805
3.70767
3.69734
3.68705
3.67681
3.66662
3.65647
3.64636
3.63629
3.62627
3.61629
3.60635
3.59646
3.5866
3.57679
3.56702
3.55728
3.54759
3.53793
3.52832
3.51874
3.5092
3.4997
3.49024
3.48081
3.47142
3.46207
3.45275
3.44347
3.43422
3.42501
3.41583
3.40669
3.39758
3.38851
3.37947
3.37046
3.36149
3.35254
3.34363
3.33476
3.32591
3.3171
3.30831
3.29956
3.29084
3.28215
3.27349
3.26486
3.25626
3.24768
3.23914
3.23063
3.22214
3.21368
3.20525
3.19685
3.18848
3.18013
3.17181
3.16352
3.15525
3.14701
3.1388
3.13061
3.12245
3.11431
3.1062
3.09811
3.09005
3.08202
3.074
3.06602
3.05805
3.05011
3.0422
3.03431
3.02644
3.01859
3.01077
3.00297
2.99519
2.98743
2.9797
2.97199
2.9643
2.95663
2.94898
2.94136
2.93375
2.92617
2.91861
2.91107
2.90355
2.89604
2.88856
2.8811
2.87366
2.86624
2.85884
2.85145
2.84409
2.83675
2.82942
2.82211
2.81483
2.80756
2.8003
2.79307
2.78586
2.77866
2.77148
2.76432
2.75717
2.75005
2.74293
2.73584
2.72877
2.72171
2.71467
2.70764
2.70063
2.69364
2.68666
2.6797
2.67276
2.66583
2.65891
2.65202
2.64513
2.63827
2.63142
2.62458
2.61776
2.61095
2.60416
2.59739
2.59062
2.58388
2.57714
2.57042
2.56372
2.55703
2.55035
2.54369
2.53704
2.53041
2.52378
2.51718
2.51058
2.504
2.49743
2.49088
2.48434
2.47781
2.47129
2.46479
2.4583
2.45182
2.44535
2.4389
2.43246
2.42603
2.41961
2.41321
2.40681
2.40043
2.39407
2.38771
2.38136
2.37503
2.36871
2.3624
2.3561
2.34981
2.34353
2.33726
2.33101
2.32476
2.31853
2.31231
2.3061
2.29989
2.2937
2.28752
2.28135
2.27519
2.26905
2.26291
2.25678
2.25066
2.24455
2.23845
2.23236
2.22629
2.22022
2.21416
2.20811
2.20207
2.19604
2.19002
2.18401
2.178
2.17201
2.16603
2.16005
2.15409
2.14813
2.14218
2.13624
2.13031
2.12439
2.11848
2.11258
2.10668
2.1008
2.09492
2.08905
2.08319
2.07734
2.07149
2.06566
2.05983
2.05401
2.0482
2.0424
2.0366
2.03081
2.02503
2.01926
2.0135
2.00774
2.00199
1.99625
1.99052
1.9848
1.97908
1.97337
1.96767
1.96197
1.95628
1.9506
1.94493
1.93926
1.9336
1.92795
1.92231
1.91667
1.91104
1.90542
1.8998
1.89419
1.88859
1.88299
1.8774
1.87182
1.86624
1.86068
1.85511
1.84956
1.84401
1.83846
1.83293
1.8274
1.82187
1.81636
1.81085
1.80534
1.79984
1.79435
1.78886
1.78338
1.77791
1.77244
1.76698
1.76152
1.75607
1.75063
1.74519
1.73976
1.73433
1.72891
1.7235
1.71809
1.71269
1.70729
1.7019
1.69651
1.69113
1.68576
1.68039
1.67502
1.66966
1.66431
1.65896
1.65362
1.64828
1.64295
1.63762
1.6323
1.62699
1.62167
1.61637
1.61107
1.60577
1.60048
1.5952
1.58992
1.58464
1.57937
1.57411
1.56885
1.56359
1.55834
1.55309
1.54785
1.54262
1.53739
1.53216
1.52694
1.52172
1.51651
1.5113
1.5061
1.5009
1.49571
1.49052
1.48533
1.48015
1.47497
1.4698
1.46464
1.45947
1.45432
1.44916
1.44401
1.43887
1.43373
1.42859
1.42346
1.41833
1.41321
1.40809
1.40297
1.39786
1.39276
1.38765
1.38256
1.37746
1.37237
1.36728
1.3622
1.35712
1.35205
1.34698
1.34191
1.33685
1.33179
1.32674
1.32169
1.31664
1.3116
1.30656
1.30152
1.29649
1.29147
1.28644
1.28142
1.27641
1.27139
1.26638
1.26138
1.25638
1.25138
1.24639
1.2414
1.23641
1.23142
1.22644
1.22147
1.2165
1.21153
1.20656
1.2016
1.19664
1.19169
1.18673
1.18178
1.17684
1.1719
1.16696
1.16203
1.15709
1.15217
1.14724
1.14232
1.1374
1.13249
1.12758
1.12267
1.11776
1.11286
1.10796
1.10307
1.09818
1.09329
1.0884
1.08352
1.07864
1.07376
1.06889
1.06402
1.05915
1.05429
1.04943
1.04457
1.03971
1.03486
1.03001
1.02517
1.02033
1.01549
1.01065
1.00582
1.00099
0.996159
0.991334
0.986512
0.981693
0.976877
0.972064
0.967254
0.962447
0.957642
0.952841
0.948042
0.943246
0.938453
0.933662
0.928875
0.92409
0.919308
0.914529
0.909753
0.90498
0.900208
0.89544
0.890675
0.885912
0.881152
0.876395
0.87164
0.866888
0.862139
0.857393
0.852648
0.847907
0.843168
0.838432
0.833699
0.828968
0.82424
0.819514
0.814791
0.810071
0.805352
0.800637
0.795924
0.791214
0.786507
0.781802
0.777099
0.772399
0.767701
0.763005
0.758313
0.753623
0.748935
0.74425
0.739567
0.734887
0.730209
0.725534
0.720861
0.71619
0.711521
0.706856
0.702192
0.697532
0.692873
0.688217
0.683563
0.678912
0.674263
0.669615
0.664971
0.660329
0.655689
0.651052
0.646417
0.641784
0.637154
0.632526
0.6279
0.623276
0.618655
0.614036
0.609419
0.604805
0.600193
0.595583
0.590975
0.58637
0.581766
0.577165
0.572566
0.56797
0.563376
0.558784
0.554194
0.549606
0.545021
0.540438
0.535856
0.531277
0.5267
0.522126
0.517554
0.512983
0.508415
0.503849
0.499286
0.494724
0.490164
0.485607
0.481051
0.476498
0.471947
0.467399
0.462852
0.458307
0.453765
0.449224
0.444685
0.440149
0.435615
0.431083
0.426553
0.422025
0.417499
0.412975
0.408453
0.403933
0.399415
0.3949
0.390386
0.385874
0.381365
0.376857
0.372352
0.367849
0.363347
0.358847
0.35435
0.349854
0.345361
0.340869
0.33638
0.331893
0.327407
0.322924
0.318442
0.313962
0.309485
0.305009
0.300536
0.296064
0.291595
0.287127
0.282661
0.278197
0.273735
0.269275
0.264817
0.260361
0.255907
0.251455
0.247005
0.242557
0.23811
0.233666
0.229223
0.224782
0.220344
0.215907
0.211472
0.207039
0.202608
0.198179
0.193752
0.189327
0.184902
0.180481
0.176061
0.171644
0.167228
0.162814
0.158402
0.153991
0.149583
0.145176
0.140771
0.136368
0.131968
0.127569
0.123171
0.118776
0.114383
0.109991
0.105601
0.101213
0.0968267
0.0924425
0.0880601
0.0836796
0.0793009
0.0749241
0.0705491
0.0661759
0.0618046
0.0574344
0.0530667
0.0487008
0.0443368
0.0399746
0.0356142
0.0312556
0.0268988
0.0225439
0.01819
0.0138387
0.0094892
0.0051415
0.000795601
-0.00354849
-0.00789078
-0.0122313
-0.01657
-0.0209068
-0.0252427
-0.0295759
-0.0339074
-0.0382372
-0.0425651
-0.0468912
-0.0512155
-0.0555381
-0.0598589
-0.0641779
-0.0684958
-0.0728112
-0.0771248
-0.0814367
-0.0857468
-0.0900551
-0.0943616
-0.0986664
-0.102969
-0.107271
-0.111571
-0.115868
-0.120164
-0.124458
-0.128751
-0.133041
-0.13733
-0.141617
-0.145903
-0.150187
-0.154469
-0.158749
-0.163027
-0.167304
-0.171578
-0.175851
-0.180123
-0.184392
-0.18866
-0.192927
-0.197191
-0.201454
-0.205714
-0.209973
-0.214231
-0.218486
-0.22274
-0.226992
-0.231242
-0.235492
-0.239738
-0.243984
-0.248227
-0.252468
-0.256708
-0.260946
-0.265183
-0.269418
-0.273651
-0.277882
-0.282112
-0.286339
-0.290565
-0.29479
-0.299012
-0.303233
-0.307452
-0.311669
-0.315886
-0.3201
-0.324312
-0.328522
-0.332731
-0.336938
-0.341143
-0.345347
-0.349548
-0.353748
-0.357947
-0.362144
-0.366339
-0.370532
-0.374724
-0.378913
-0.383101
-0.387288
-0.391472
-0.395656
-0.399837
-0.404016
-0.408194
-0.41237
-0.416544
-0.420717
-0.424887
-0.429056
-0.433224
-0.43739
-0.441554
-0.445716
-0.449877
-0.454036
-0.458193
-0.462348
-0.466502
-0.470654
-0.474804
-0.478953
-0.4831
-0.487245
-0.491388
-0.49553
-0.49967
-0.503808
-0.507944
-0.512079
-0.516212
-0.520344
-0.524474
-0.528602
-0.532728
-0.536853
-0.540975
-0.545097
-0.549216
-0.553334
-0.55745
-0.561565
-0.565677
-0.569788
-0.573897
-0.578004
-0.58211
-0.586214
-0.590316
-0.594417
-0.598516
-0.602614
-0.606709
-0.610803
-0.614895
-0.618985
-0.623074
-0.62716
-0.631246
-0.635329
-0.639412
-0.643492
-0.64757
-0.651646
-0.655721
-0.659795
-0.663866
-0.667936
-0.672004
-0.676071
-0.680136
-0.684198
-0.68826
-0.692319
-0.696377
-0.700433
-0.704488
-0.70854
-0.712591
-0.716641
-0.720689
-0.724735
-0.728779
-0.732821
-0.736862
-0.740901
-0.744938
-0.748974
-0.753007
-0.75704
-0.761071
-0.7651
-0.769127
-0.773152
-0.777175
-0.781197
-0.785218
-0.789236
-0.793253
-0.797269
-0.801282
-0.805293
-0.809303
-0.813312
-0.817318
-0.821323
-0.825326
-0.829327
-0.833328
-0.837326
-0.841322
-0.845316
-0.849309
-0.8533
-0.85729
-0.861277
-0.865263
-0.869247
-0.873231
-0.877211
-0.881191
-0.885168
-0.889144
-0.893118
-0.89709
-0.90106
-0.905029
-0.908996
-0.912962
-0.916926
-0.920888
-0.924848
-0.928807
-0.932764
-0.936719
-0.940672
-0.944624
-0.948575
-0.952523
-0.956469
-0.960414
-0.964357
-0.968299
-0.972239
-0.976177
-0.980113
-0.984047
-0.987981
-0.991912
-0.995842
-0.999769
-1.0037
-1.00762
-1.01154
-1.01546
-1.01938
-1.0233
-1.02722
-1.03113
-1.03504
-1.03895
-1.04286
-1.04677
-1.05067
-1.05458
-1.05848
-1.06238
-1.06628
-1.07018
-1.07407
-1.07797
-1.08186
-1.08575
-1.08964
-1.09352
-1.09741
-1.10129
-1.10517
-1.10905
-1.11293
-1.11681
-1.12068
-1.12455
-1.12842
-1.13229
-1.13616
-1.14003
-1.14389
-1.14776
-1.15162
-1.15548
-1.15933
-1.16319
-1.16704
-1.1709
-1.17475
-1.1786
-1.18244
-1.18629
-1.19013
-1.19397
-1.19782
-1.20165
-1.20549
-1.20933
-1.21316
-1.21699
-1.22082
-1.22465
-1.22848
-1.2323
-1.23613
-1.23995
-1.24377
-1.24759
-1.2514
-1.25522
-1.25903
-1.26284
-1.26665
-1.27046
-1.27427
-1.27807
-1.28187
-1.28568
-1.28948
-1.29327
-1.29707
-1.30086
-1.30466
-1.30845
-1.31224
-1.31602
-1.31981
-1.3236
-1.32738
-1.33116
-1.33494
-1.33872
-1.34249
-1.34626
-1.35004
-1.35381
-1.35758
-1.36135
-1.36511
-1.36887
-1.37264
-1.3764
-1.38016
-1.38391
-1.38767
-1.39142
-1.39517
-1.39893
-1.40267
-1.40642
-1.41017
-1.41391
-1.41765
-1.42139
-1.42513
-1.42887
-1.4326
-1.43634
-1.44007
-1.4438
-1.44753
-1.45126
-1.45498
-1.4587
-1.46243
-1.46615
-1.46987
-1.47358
-1.4773
-1.48101
-1.48472
-1.48843
-1.49214
-1.49585
-1.49955
-1.50326
-1.50696
-1.51066
-1.51436
-1.51806
-1.52175
-1.52544
-1.52914
-1.53283
-1.53651
-1.5402
-1.54389
-1.54757
-1.55125
-1.55493
-1.55861
-1.56229
-1.56597
-1.56964
-1.57331
-1.57698
-1.58065
-1.58432
-1.58798
-1.59165
-1.59531
-1.59897
-1.60263
-1.60629
-1.60994
-1.6136
-1.61725
-1.6209
-1.62455
-1.6282
-1.63185
-1.63549
-1.63913
-1.64277
-1.64641
-1.65005
-1.65369
-1.65732
-1.66096
-1.66459
-1.66822
-1.67185
-1.67547
-1.6791
-1.68272
-1.68635
-1.68997
-1.69358
-1.6972
-1.70082
-1.70443
-1.70804
-1.71165
-1.71526
-1.71887
-1.72248
-1.72608
-1.72969
-1.73329
-1.73689
-1.74049
-1.74408
-1.74768
-1.75127
-1.75486
-1.75846
-1.76204
-1.76563
-1.76922
-1.7728
-1.77638
-1.77997
-1.78355
-1.78712
-1.7907
-1.79428
-1.79785
-1.80142
-1.80499
-1.80856
-1.81213
-1.81569
-1.81926
-1.82282
-1.82638
-1.82994
-1.8335
-1.83706
-1.84061
-1.84417
-1.84772
-1.85127
-1.85482
-1.85837
-1.86192
-1.86546
-1.869
-1.87255
-1.87609
-1.87963
-1.88316
-1.8867
-1.89023
-1.89377
-1.8973
-1.90083
-1.90436
-1.90789
-1.91141
-1.91494
-1.91846
-1.92198
-1.9255
-1.92902
-1.93254
-1.93605
-1.93957
-1.94308
-1.94659
-1.9501
-1.95361
-1.95712
-1.96063
-1.96413
-1.96763
-1.97114
-1.97464
-1.97813
-1.98163
-1.98513
-1.98862
-1.99212
-1.99561
-1.9991
-2.00259
-2.00608
-2.00957
-2.01305
-2.01653
-2.02002
-2.0235
-2.02698
-2.03046
-2.03394
-2.03741
-2.04089
-2.04436
-2.04783
-2.0513
-2.05477
-2.05824
-2.06171
-2.06517
-2.06864
-2.0721
-2.07556
-2.07902
-2.08248
-2.08594
-2.0894
-2.09285
-2.09631
-2.09976
-2.10321
-2.10666
-2.11011
-2.11356
-2.11701
-2.12046
-2.1239
-2.12734
-2.13079
-2.13423
-2.13767
-2.1411
-2.14454
-2.14798
-2.15141
-2.15485
-2.15828
-2.16171
-2.16514
-2.16857
-2.172
-2.17543
-2.17885
-2.18228
-2.1857
-2.18912
-2.19255
-2.19597
-2.19939
-2.2028
-2.20622
-2.20964
-2.21305
-2.21647
-2.21988
-2.22329
-2.2267
-2.23011
-2.23352
-2.23693
-2.24033
-2.24374
-2.24714
-2.25055
-2.25395
-2.25735
-2.26075
-2.26415
-2.26755
-2.27095
-2.27435
-2.27774
-2.28114
-2.28453
-2.28792
-2.29132
-2.29471
-2.2981
-2.30149
-2.30488
-2.30826
-2.31165
-2.31504
-2.31842
-2.3218
-2.32519
-2.32857
-2.33195
-2.33533
-2.33871
-2.34209
-2.34547
-2.34885
-2.35222
-2.3556
-2.35898
-2.36235
-2.36572
-2.3691
-2.37247
-2.37584
-2.37921
-2.38258
-2.38595
-2.38932
-2.39268
-2.39605
-2.39942
-2.40278
-2.40615
-2.40951
-2.41288
-2.41624
-2.4196
-2.42296
-2.42633
-2.42969
-2.43305
-2.43641
-2.43976
-2.44312
-2.44648
-2.44984
-2.45319
-2.45655
-2.45991
-2.46326
-2.46662
-2.46997
-2.47332
-2.47668
-2.48003
-2.48338
-2.48673
-2.49008
-2.49343
-2.49679
-2.50014
-2.50348
-2.50683
-2.51018
-2.51353
-2.51688
-2.52023
-2.52358
-2.52692
-2.53027
-2.53362
-2.53696
-2.54031
-2.54365
-2.547
-2.55034
-2.55369
-2.55703
-2.56038
-2.56372
-2.56707
-2.57041
-2.57375
-2.5771
-2.58044
-2.58379
-2.58713
-2.59047
-2.59382
-2.59716
-2.6005
-2.60384
-2.60719
-2.61053
-2.61387
-2.61721
-2.62056
-2.6239
-2.62724
-2.63059
-2.63393
-2.63727
-2.64062
-2.64396
-2.6473
-2.65065
-2.65399
-2.65733
-2.66068
-2.66402
-2.66737
-2.67071
-2.67405
-2.6774
-2.68075
-2.68409
-2.68744
-2.69078
-2.69413
-2.69748
-2.70082
-2.70417
-2.70752
-2.71087
-2.71421
-2.71756
-2.72091
-2.72426
-2.72761
-2.73096
-2.73432
-2.73767
-2.74102
-2.74437
-2.74773
-2.75108
-2.75444
-2.75779
-2.76115
-2.7645
-2.76786
-2.77122
-2.77458
-2.77794
-2.7813
-2.78466
-2.78802
-2.79138
-2.79474
-2.79811
-2.80147
-2.80484
-2.8082
-2.81157
-2.81494
-2.81831
-2.82168
-2.82505
-2.82842
-2.8318
-2.83517
-2.83855
-2.84192
-2.8453
-2.84868
-2.85206
-2.85544
-2.85882
-2.8622
-2.86559
-2.86897
-2.87236
-2.87575
-2.87914
-2.88253
-2.88592
-2.88931
-2.89271
-2.8961
-2.8995
-2.9029
-2.9063
-2.9097
-2.91311
-2.91651
-2.91992
-2.92333
-2.92674
-2.93015
-2.93356
-2.93697
-2.94039
-2.94381
-2.94723
-2.95065
-2.95407
-2.9575
-2.96093
-2.96435
-2.96779
-2.97122
-2.97465
-2.97809
-2.98153
-2.98497
-2.98841
-2.99186
-2.9953
-2.99875
-3.0022
-3.00566
-3.00911
-3.01257
-3.01603
-3.01949
-3.02296
-3.02642
-3.02989
-3.03336
-3.03684
-3.04031
-3.04379
-3.04728
-3.05076
-3.05425
-3.05774
-3.06123
-3.06472
-3.06822
-3.07172
-3.07522
-3.07873
-3.08224
-3.08575
-3.08926
-3.09278
-3.0963
-3.09982
-3.10335
-3.10688
-3.11041
-3.11394
-3.11748
-3.12102
-3.12457
-3.12812
-3.13167
-3.13522
-3.13878
-3.14234
-3.14591
-3.14948
-3.15305
-3.15662
-3.1602
-3.16378
-3.16737
-3.17096
-3.17455
-3.17815
-3.18175
-3.18536
-3.18897
-3.19258
-3.19619
-3.19982
-3.20344
-3.20707
-3.2107
-3.21434
-3.21798
-3.22163
-3.22528
-3.22893
-3.23259
-3.23625
-3.23992
-3.24359
-3.24727
-3.25095
-3.25463
-3.25832
-3.26202
-3.26572
-3.26942
-3.27313
-3.27684
-3.28056
-3.28429
-3.28802
-3.29175
-3.29549
-3.29924
-3.30299
-3.30674
-3.3105
-3.31427
-3.31804
-3.32181
-3.3256
-3.32938
-3.33318
-3.33698
-3.34078
-3.34459
-3.34841
-3.35223
-3.35606
-3.35989
-3.36373
-3.36758
-3.37143
-3.37529
-3.37916
-3.38303
-3.38691
-3.39079
-3.39468
-3.39858
-3.40248
-3.40639
-3.41031
-3.41424
-3.41817
-3.42211
-3.42605
-3.43
-3.43396
-3.43793
-3.4419
-3.44588
-3.44987
-3.45387
-3.45787
-3.46188
-3.4659
-3.46993
-3.47396
-3.478
-3.48205
-3.48611
-3.49018
-3.49425
-3.49833
-3.50242
-3.50652
-3.51063
-3.51475
-3.51887
-3.523
-3.52715
-3.5313
-3.53546
-3.53963
-3.5438
-3.54799
-3.55219
-3.55639
-3.56061
-3.56483
-3.56906
-3.57331
-3.57756
-3.58182
-3.58609
-3.59038
-3.59467
-3.59897
-3.60328
-3.60761
-3.61194
-3.61629
-3.62064
-3.62501
-3.62938
-3.63377
-3.63817
-3.64258
-3.647
-3.65143
-3.65587
-3.66032
-3.66479
-3.66927
-3.67375
-3.67826
-3.68277
-3.68729
-3.69183
-3.69638
-3.70094
-3.70551
-3.7101
-3.7147
-3.71931
-3.72394
-3.72858
-3.73323
-3.73789
-3.74257
-3.74726
-3.75197
-3.75668
-3.76142
-3.76616
-3.77092
-3.7757
-3.78049
-3.78529
-3.79011
-3.79494
-3.79979
-3.80465
-3.80953
-3.81442
-3.81933
-3.82426
-3.8292
-3.83415
-3.83912
-3.84411
-3.84911
-3.85413
-3.85917
-3.86422
-3.86929
-3.87438
-3.87948
-3.88461
-3.88974
-3.8949
-3.90008
-3.90527
-3.91048
-3.91571
-3.92095
-3.92622
-3.9315
-3.9368
-3.94212
-3.94746
-3.95282
-3.9582
-3.9636
-3.96902
-3.97446
-3.97992
-3.9854
-3.9909
-3.99642
-4.00197
-4.00753
-4.01312
-4.01872
-4.02435
-4.03
-4.03567
-4.04137
-4.04709
-4.05283
-4.05859
-4.06438
-4.07019
-4.07602
-4.08188
-4.08776
-4.09367
-4.0996
-4.10555
-4.11153
-4.11754
-4.12357
-4.12963
-4.13571
-4.14182
-4.14795
-4.15412
-4.1603
-4.16652
-4.17276
-4.17903
-4.18533
-4.19166
-4.19802
-4.2044
-4.21081
-4.21726
-4.22373
-4.23023
-4.23677
-4.24333
-4.24993
-4.25655
-4.26321
-4.26989
-4.27661
-4.28337
-4.29015
-4.29697
-4.30382
-4.3107
-4.31762
-4.32458
-4.33156
-4.33858
-4.34564
-4.35273
-4.35986
-4.36703
-4.37423
-4.38147
-4.38875
-4.39606
-4.40341
-4.41081
-4.41823
-4.4257
-4.43321
-4.44076
-4.44835
-4.45598
-4.46365
-4.47137
-4.47912
-4.48692
-4.49476
-4.50265
-4.51058
-4.51855
-4.52657
-4.53463
-4.54274
-4.5509
-4.5591
-4.56735
-4.57565
-4.584
-4.59239
-4.60084
-4.60933
-4.61787
-4.62647
-4.63512
-4.64382
-4.65257
-4.66137
-4.67023
-4.67915
-4.68812
-4.69714
-4.70622
-4.71535
-4.72455
-4.7338
-4.74311
-4.75248
-4.76191
-4.7714
-4.78095
-4.79057
-4.80024
-4.80998
-4.81979
-4.82966
-4.83959
-4.84959
-4.85966
-4.8698
-4.88
-4.89028
-4.90062
-4.91104
-4.92153
-4.93209
-4.94272
-4.95343
-4.96421
-4.97507
-4.98601
-4.99703
-5.00812
-5.01929
-5.03055
-5.04189
-5.05331
-5.06481
-5.07641
-5.08808
-5.09984
-5.11169
-5.12363
-5.13566
-5.14779
-5.16
-5.17231
-5.18471
-5.19721
-5.20981
-5.2225
-5.2353
-5.24819
-5.26119
-5.27429
-5.2875
-5.30082
-5.31424
-5.32778
-5.34142
-5.35517
-5.36904
-5.38302
-5.39712
-5.41134
-5.42568
-5.44014
-5.45472
-5.46943
-5.48427
-5.49923
-5.51432
-5.52955
-5.54491
-5.5604
-5.57603
-5.5918
-5.60772
-5.62378
-5.63998
-5.65633
-5.67283
-5.68948
-5.70628
-5.72325
-5.74036
-5.75765
-5.77509
-5.7927
-5.81048
-5.82842
-5.84655
-5.86484
-5.88332
-5.90198
-5.92082
-5.93985
-5.95907
-5.97848
-5.99809
-6.01789
-6.0379
-6.05811
-6.07853
-6.09916
-6.12001
-6.14108
-6.16237
-6.18388
-6.20563
-6.22761
-6.24983
-6.27229
-6.29499
-6.31795
-6.34115
-6.36462
-6.38835
-6.41234
-6.43661
-6.46115
-6.48598
-6.51109
-6.53648
-6.56218
-6.58817
-6.61448
-6.6411
-6.66803
-6.69529
-6.72289
-6.7508
-6.77907
-6.80768
-6.83666
-6.86599
-6.89569
-6.92577
-6.95622
-6.98707
-7.01833
-7.04997
-7.08204
-7.11453
-7.14745
-7.18082
-7.21462
-7.24889
-7.28363
-7.31883
-7.35453
-7.39071
-7.42742
-7.46464
-7.50238
-7.54067
-7.5795
-7.61891
-7.65889
-7.69945
-7.74063
-7.78241
-7.82483
-7.8679
-7.91161
-7.95602
-8.00111
-8.0469
-8.09342
-8.14067
-8.18869
-8.2375
-8.28708
-8.33749
-8.38872
-8.44083
-8.49382
-8.54769
-8.6025
-8.65824
-8.71497
-8.77271
-8.83145
-8.89126
-8.95213
-9.01414
-9.07729
-9.14159
-9.20712
-9.27389
-9.34191
-9.41127
-9.48196
-9.55406
-9.6276
-9.70259
-9.77912
-9.8572
-9.93691
-10.0183
-10.1014
-10.1863
-10.2729
-10.3615
-10.4521
-10.5446
-10.6393
-10.7361
-10.8352
-10.9365
-11.0402
-11.1465
-11.2553
-11.3667
-11.481
-11.598
-11.7181
-11.8412
-11.9675
-12.0972
-12.2304
-12.3671
-12.5077
-12.6521
-12.8006
-12.9534
-13.1105
-13.2724
-13.439
-13.6107
-13.7878
-13.9703
-14.1587
-14.3531
-14.554
-14.7616
-14.9761
-15.1981
-15.4279
-15.6659
-15.9127
-16.1684
-16.434
-16.7096
-16.9962
-17.2943
-17.6044
-17.9275
-18.2644
-18.6159
-18.9831
-19.3668
-19.7685
-20.1894
-20.6306
-21.0941
-21.5811
-22.094
-22.6345
-23.2049
-23.808
-24.4464
-25.1236
-25.8431
-26.6088
-27.4256
-28.2988
-29.2338
-30.2383
-31.3196
-32.4876
-33.7527
-35.1271
-36.6266
-38.2679
-40.0735
-42.0686
-44.2837
-46.7594
-49.5422
-52.6956
-56.2973
-60.4488
-65.29
-71.0039
-77.855
-86.2173
-96.6481
-110.034
-127.832
-152.64
-189.652
-250.746
-370.896
-715.567
-10813.5
819.761
393.913
258.744
192.382
152.958
126.823
108.237
94.3347
83.5465
74.9346
67.8961
62.038
57.0879
52.8471
49.1759
45.9646
43.1327
40.6178
38.3679
36.3446
34.5141
32.8506
31.3328
29.9415
28.6623
27.4815
26.3884
25.374
24.4295
23.5482
22.7242
21.9517
21.2263
20.5436
19.9
19.2925
18.7177
18.1735
17.6572
17.1667
16.7005
16.2564
15.8331
15.4291
15.043
14.674
14.3206
13.9821
13.6574
13.3458
13.0465
12.7587
12.4818
12.2153
11.9585
11.711
11.4721
11.2415
11.0189
10.8037
10.5956
10.3942
10.1993
10.0106
9.82762
9.65032
9.47829
9.31136
9.14937
8.99199
8.83908
8.69051
8.546
8.40548
8.26869
8.13554
8.00594
7.87964
7.75662
7.63667
7.51971
7.40568
7.29439
7.18582
7.07981
6.97628
6.87521
6.77643
6.67994
6.58558
6.49333
6.40315
6.31491
6.22857
6.14411
6.06141
5.98047
5.90119
5.82353
5.74749
5.67295
5.59993
5.52832
5.45812
5.38931
5.3218
5.25561
5.19064
5.12689
5.06435
5.00293
4.94265
4.88347
4.82534
4.76827
4.71218
4.65708
4.60295
4.54975
4.49747
4.44606
4.39552
4.34584
4.29697
4.24893
4.20165
4.15514
4.1094
4.06437
4.02006
3.97647
3.93354
3.8913
3.8497
3.80873
3.76841
3.72868
3.68956
3.65101
3.61304
3.57564
3.53878
3.50247
3.46667
3.43139
3.39662
3.36234
3.32855
3.29522
3.26237
3.22997
3.19802
3.1665
3.13543
3.10476
3.07452
3.04468
3.01523
2.98619
2.95752
2.92923
2.90131
2.87374
2.84655
2.81969
2.79318
2.76701
2.74116
2.71565
2.69045
2.66557
2.641
2.61673
2.59276
2.56908
2.54569
2.52259
2.49976
2.47721
2.45492
2.4329
2.41115
2.38964
2.3684
2.3474
2.32664
2.30613
2.28585
2.2658
2.24599
2.22639
2.20703
2.18788
2.16894
2.15022
2.13171
2.11341
2.0953
2.07739
2.05969
2.04218
2.02486
2.00772
1.99077
1.97401
1.95743
1.94102
1.92479
1.90873
1.89284
1.87712
1.86156
1.84617
1.83094
1.81587
1.80095
1.78619
1.77159
1.75713
1.74282
1.72865
1.71463
1.70076
1.68702
1.67343
1.65996
1.64664
1.63345
1.62039
1.60745
1.59466
1.58198
1.56943
1.557
1.5447
1.53252
1.52045
1.50851
1.49667
1.48496
1.47336
1.46186
1.45048
1.43921
1.42805
1.41699
1.40604
1.39519
1.38445
1.3738
1.36326
1.35282
1.34247
1.33222
1.32207
1.31202
1.30205
1.29218
1.2824
1.27271
1.26311
1.2536
1.24418
1.23484
1.22559
1.21643
1.20734
1.19834
1.18943
1.18059
1.17183
1.16316
1.15456
1.14604
1.13759
1.12922
1.12093
1.11271
1.10457
1.0965
1.0885
1.08057
1.07271
1.06493
1.05721
1.04956
1.04198
1.03446
1.02701
1.01963
1.01231
1.00506
0.997873
0.990746
0.983684
0.976682
0.969744
0.962864
0.956044
0.949287
0.942585
0.935945
0.929361
0.922833
0.916365
0.909951
0.903595
0.897292
0.891043
0.884851
0.87871
0.872623
0.86659
0.860608
0.854679
0.8488
0.842971
0.837195
0.831466
0.82579
0.820159
0.814578
0.809047
0.803561
0.798125
0.792733
0.787388
0.782091
0.776837
0.771629
0.766468
0.761348
0.756276
0.751244
0.746256
0.741313
0.736411
0.731553
0.726734
0.721957
0.717223
0.712528
0.707876
0.703261
0.698687
0.694154
0.689657
0.685202
0.680783
0.676403
0.672062
0.667757
0.663489
0.65926
0.655065
0.650909
0.646787
0.642701
0.638652
0.634637
0.630658
0.626712
0.622801
0.618925
0.615081
0.611273
0.607497
0.603753
0.600044
0.596366
0.59272
0.589107
0.585525
0.581976
0.578457
0.574969
0.571513
0.568087
0.564692
0.561326
0.55799
0.554685
0.551408
0.548161
0.544943
0.541753
0.538593
0.53546
0.532356
0.529281
0.526232
0.523212
0.520218
0.517252
0.514314
0.511401
0.508516
0.505656
0.502823
0.500017
0.497235
0.49448
0.49175
0.489045
0.486366
0.483711
0.481082
0.478477
0.475896
0.47334
0.470808
0.468299
0.465815
0.463354
0.460917
0.458502
0.456111
0.453744
0.451398
0.449076
0.446776
0.444498
0.442243
0.440009
0.437799
0.435609
0.43344
0.431294
0.429169
0.427064
0.424982
0.42292
0.420879
0.418858
0.416858
0.414879
0.412919
0.410981
0.409061
0.407161
0.405282
0.403422
0.401582
0.39976
0.397958
0.396176
0.394412
0.392667
0.390941
0.389233
0.387544
0.385873
0.38422
0.382587
0.38097
0.379373
0.377792
0.376229
0.374685
0.373157
0.371647
0.370154
0.368678
0.36722
0.365778
0.364354
0.362946
0.361554
0.36018
0.358822
0.35748
0.356155
0.354845
0.353552
0.352275
0.351013
0.349768
0.348538
0.347324
0.346125
0.344941
0.343773
0.34262
0.341483
0.34036
0.339252
0.33816
0.337082
0.336018
0.33497
0.333936
0.332917
0.331911
0.33092
0.329944
0.328981
0.328033
0.327098
0.326177
0.325271
0.324378
0.323499
0.322632
0.32178
0.320941
0.320115
0.319303
0.318504
0.317718
0.316945
0.316185
0.315437
0.314704
0.313982
0.313273
0.312577
0.311893
0.311222
0.310563
0.309917
0.309283
0.308661
0.308051
0.307453
0.306868
0.306294
0.305732
0.305182
0.304643
0.304116
0.303602
0.303098
0.302606
0.302126
0.301656
0.301199
0.300752
0.300317
0.299892
0.299479
0.299077
0.298685
0.298305
0.297935
0.297576
0.297229
0.296891
0.296564
0.296248
0.295942
0.295647
0.295362
0.295087
0.294823
0.294569
0.294325
0.294091
0.293867
0.293653
0.293449
0.293256
0.293071
0.292897
0.292733
0.292578
0.292433
0.292297
0.292171
0.292055
0.291947
0.29185
0.291761
0.291682
0.291613
0.291552
0.2915
0.291458
0.291425
0.291401
0.291386
0.291379
0.291382
0.291393
0.291414
0.291443
0.29148
0.291527
0.291582
0.291645
0.291717
0.291798
0.291887
0.291984
0.29209
0.292204
0.292326
0.292457
0.292596
0.292742
0.292897
0.29306
0.293232
0.293411
0.293598
0.293793
0.293995
0.294206
0.294425
0.294651
0.294885
0.295126
0.295375
0.295632
0.295896
0.296168
0.296448
0.296734
0.297029
0.29733
0.297639
0.297955
0.298279
0.298609
0.298947
0.299292
0.299645
0.300004
0.30037
0.300743
0.301123
0.301511
0.301905
0.302306
0.302714
0.303128
0.30355
0.303978
0.304413
0.304854
0.305303
0.305757
0.306219
0.306687
0.307161
0.307642
0.308129
0.308623
0.309123
0.30963
0.310142
0.310662
0.311187
0.311719
0.312256
0.3128
0.31335
0.313907
0.314469
0.315037
0.315611
0.316192
0.316778
0.31737
0.317968
0.318572
0.319182
0.319798
0.320419
0.321046
0.321679
0.322318
0.322962
0.323612
0.324267
0.324928
0.325595
0.326267
0.326945
0.327628
0.328317
0.329011
0.32971
0.330415
0.331125
0.33184
0.332561
0.333287
0.334018
0.334754
0.335496
0.336243
0.336995
0.337752
0.338514
0.339281
0.340053
0.34083
0.341612
0.342399
0.343191
0.343988
0.34479
0.345597
0.346408
0.347225
0.348046
0.348872
0.349702
0.350537
0.351377
0.352222
0.353071
0.353925
0.354784
0.355647
0.356514
0.357387
0.358263
0.359144
0.36003
0.36092
0.361814
0.362713
0.363616
0.364524
0.365436
0.366352
0.367272
0.368197
0.369126
0.370059
0.370996
0.371937
0.372883
0.373833
0.374787
0.375745
0.376706
0.377672
0.378643
0.379617
0.380595
0.381576
0.382562
0.383552
0.384546
0.385543
0.386545
0.38755
0.388559
0.389572
0.390589
0.391609
0.392633
0.393661
0.394692
0.395728
0.396767
0.397809
0.398855
0.399905
0.400958
0.402015
0.403075
0.404139
0.405206
0.406277
0.407352
0.408429
0.40951
0.410595
0.411683
0.412774
0.413869
0.414967
0.416068
0.417173
0.418281
0.419392
0.420506
0.421624
0.422744
0.423868
0.424995
0.426126
0.427259
0.428395
0.429535
0.430678
0.431823
0.432972
0.434124
0.435279
0.436437
0.437597
0.438761
0.439928
0.441097
0.44227
0.443445
0.444623
0.445804
0.446988
0.448175
0.449364
0.450557
0.451752
0.45295
0.45415
0.455353
0.456559
0.457768
0.458979
0.460193
0.46141
0.462629
0.463851
0.465075
0.466302
0.467532
0.468764
0.469999
0.471236
0.472475
0.473717
0.474962
0.476209
0.477458
0.47871
0.479964
0.481221
0.48248
0.483741
0.485005
0.486271
0.487539
0.488809
0.490082
0.491357
0.492635
0.493914
0.495196
0.49648
0.497766
0.499054
0.500345
0.501637
0.502932
0.504229
0.505528
0.506829
0.508132
0.509437
0.510744
0.512054
0.513365
0.514678
0.515993
0.51731
0.518629
0.51995
0.521273
0.522598
0.523925
0.525253
0.526584
0.527916
0.52925
0.530586
0.531924
0.533264
0.534605
0.535948
0.537293
0.53864
0.539988
0.541338
0.54269
0.544043
0.545398
0.546755
0.548113
0.549474
0.550835
0.552198
0.553563
0.55493
0.556298
0.557667
0.559038
0.560411
0.561785
0.563161
0.564538
0.565916
0.567296
0.568677
0.57006
0.571445
0.57283
0.574217
0.575606
0.576996
0.578387
0.579779
0.581173
0.582569
0.583965
0.585363
0.586762
0.588162
0.589564
0.590966
0.59237
0.593775
0.595182
0.59659
0.597998
0.599408
0.600819
0.602231
0.603645
0.605059
0.606475
0.607891
0.609309
0.610728
0.612148
0.613569
0.614991
0.616413
0.617837
0.619262
0.620688
0.622115
0.623543
0.624972
0.626401
0.627832
0.629263
0.630695
0.632129
0.633563
0.634998
0.636434
0.63787
0.639308
0.640746
0.642185
0.643625
0.645066
0.646507
0.64795
0.649392
0.650836
0.65228
0.653726
0.655172
0.656618
0.658065
0.659513
0.660961
0.66241
0.66386
0.66531
0.666761
0.668213
0.669665
0.671117
0.672571
0.674025
0.675479
0.676934
0.678389
0.679845
0.681301
0.682758
0.684215
0.685673
0.687131
0.68859
0.690049
0.691508
0.692968
0.694428
0.695889
0.69735
0.698811
0.700273
0.701735
0.703197
0.704659
0.706123
0.707586
0.709049
0.710513
0.711977
0.713441
0.714906
0.716371
0.717836
0.719301
0.720766
0.722232
0.723697
0.725163
0.72663
0.728095
0.729562
0.731028
0.732495
0.733962
0.735428
0.736895
0.738362
0.739829
0.741296
0.742763
0.74423
0.745696
0.747164
0.748631
0.750098
0.751565
0.753031
0.754498
0.755965
0.757432
0.758899
0.760366
0.761832
0.763298
0.764764
0.766231
0.767697
0.769162
0.770628
0.772093
0.773559
0.775024
0.776489
0.777954
0.779418
0.780882
0.782347
0.78381
0.785274
0.786737
0.7882
0.789662
0.791125
0.792587
0.794049
0.79551
0.796971
0.798431
0.799892
0.801352
0.802811
0.80427
0.805729
0.807187
0.808645
0.810103
0.81156
0.813016
0.814472
0.815928
0.817383
0.818838
0.820292
0.821745
0.823199
0.824651
0.826103
0.827555
0.829006
0.830456
0.831906
0.833355
0.834804
0.836251
0.837699
0.839145
0.840592
0.842037
0.843482
0.844926
0.846369
0.847812
0.849254
0.850695
0.852136
0.853576
0.855015
0.856453
0.857891
0.859328
0.860764
0.862199
0.863634
0.865067
0.8665
0.867933
0.869364
0.870794
0.872224
0.873652
0.87508
0.876507
0.877933
0.879359
0.880783
0.882206
0.883628
0.88505
0.88647
0.88789
0.889309
0.890726
0.892143
0.893559
0.894973
0.896387
0.897799
0.899211
0.900622
0.902031
0.90344
0.904847
0.906253
0.907659
0.909062
0.910466
0.911868
0.913268
0.914668
0.916066
0.917464
0.91886
0.920255
0.921649
0.923041
0.924433
0.925823
0.927212
0.9286
0.929987
0.931372
0.932756
0.934139
0.93552
0.936901
0.93828
0.939658
0.941034
0.942409
0.943783
0.945155
0.946526
0.947896
0.949264
0.950631
0.951997
0.953361
0.954724
0.956085
0.957445
0.958803
0.960161
0.961517
0.962871
0.964223
0.965574
0.966924
0.968273
0.969619
0.970965
0.972308
0.973651
0.974992
0.976331
0.977669
0.979004
0.980339
0.981672
0.983003
0.984333
0.985661
0.986988
0.988313
0.989636
0.990957
0.992278
0.993596
0.994912
0.996227
0.99754
0.998852
