9090
8723.77
8368.73
8024.64
7691.28
7368.43
7055.86
6753.35
6460.67
6177.63
5903.99
5639.55
5384.11
5137.45
4899.37
4669.67
4448.16
4234.62
4028.88
3830.73
3639.99
3456.47
3279.98
3110.35
2947.39
2790.93
2640.78
2496.79
2358.77
2226.56
2099.99
1978.91
1863.14
1752.53
1646.93
1546.18
1450.13
1358.63
1271.54
1188.71
1110
1035.26
964.374
897.194
833.591
773.435
716.599
662.959
612.391
564.777
519.998
477.939
438.488
401.534
366.968
334.686
304.585
276.562
250.521
226.364
203.999
183.334
164.281
146.753
130.665
115.937
102.489
90.2448
79.1293
69.0709
59.9998
51.8489
44.5535
38.051
32.2815
27.1874
22.7135
18.807
15.4175
12.4971
9.99996
7.88307
6.10557
4.62908
3.41758
2.43749
1.65759
1.04909
0.585593
0.243095
-3.57628e-006
-0.162902
-0.262401
-0.312901
-0.3264
-0.3125
-0.278399
-0.228899
-0.166399
-0.0908985
1.86116e-006
0.111102
0.249603
0.425104
0.649605
0.937506
1.30561
1.77311
2.36161
3.09512
4.00002
5.10512
6.44163
8.04313
9.94564
12.1875
14.8097
17.8552
21.3697
25.4012
30.0001
35.2192
41.1137
47.7412
55.1617
63.4376
72.6338
82.8173
94.0578
106.427
120
134.853
151.066
168.719
187.898
208.688
231.178
255.459
281.626
309.773
340
372.407
407.098
444.177
483.754
525.938
570.842
618.581
669.273
723.039
780
840.281
904.009
971.315
1042.33
1117.19
1196.02
1278.98
1366.2
1457.82
1554
1654.87
1760.6
1871.33
1987.22
2108.44
2235.13
2367.46
2505.61
2649.73
2800
2956.59
3119.67
3289.43
3466.04
3649.68
3840.55
4038.82
4244.69
4458.35
4679.99
4909.82
5148.02
5394.8
5650.37
5914.93
6188.69
6471.87
6764.66
7067.3
7380
7702.98
8036.46
8380.67
8735.84
9102.19
9479.97
9869.4
10270.7
10684.2
