0.174533
0.349065
0.523596
0.698125
0.872653
1.04718
1.2217
1.39622
1.57073
1.74524
1.91974
2.09424
2.26873
2.44322
2.61769
2.79216
2.96662
3.14107
3.31552
3.48995
3.66437
3.83878
4.01318
4.18756
4.36193
4.53629
4.71064
4.88497
5.05929
5.23359
5.40788
5.58214
5.7564
5.93063
6.10485
6.27904
6.45322
6.62738
6.80152
6.97564
7.14974
7.32381
7.49786
7.67189
7.8459
8.01988
8.19384
8.36777
8.54168
8.71556
8.88942
9.06325
9.23705
9.41082
9.58456
9.75828
9.93196
10.1056
10.2792
10.4528
10.6264
10.7999
10.9734
11.1469
11.3203
11.4937
11.6671
11.8404
12.0137
12.1869
12.3601
12.5333
12.7064
12.8795
13.0526
13.2256
13.3986
13.5715
13.7444
13.9173
14.0901
14.2629
14.4356
14.6083
14.7809
14.9535
15.1261
15.2986
15.471
15.6434
15.8158
15.9881
16.1604
16.3326
16.5047
16.6769
16.8489
17.0209
17.1929
17.3648
17.5367
17.7085
17.8802
18.0519
18.2235
18.3951
18.5667
18.7381
18.9095
19.0809
19.2522
19.4234
19.5946
19.7657
19.9368
20.1078
20.2787
20.4496
20.6204
20.7912
20.9619
21.1325
21.303
21.4735
21.644
21.8143
21.9846
22.1549
22.325
22.4951
22.6651
22.8351
23.005
23.1748
23.3445
23.5142
23.6838
23.8534
24.0228
24.1922
24.3615
24.5308
24.6999
24.869
25.038
25.2069
25.3758
25.5446
25.7133
25.8819
26.0505
26.2189
26.3873
26.5556
26.7239
26.892
27.0601
27.228
27.3959
27.5638
27.7315
27.8991
28.0667
28.2342
28.4016
28.5689
28.7361
28.9032
29.0702
29.2372
29.4041
29.5708
29.7375
29.9041
30.0706
30.237
30.4033
30.5696
30.7357
30.9017
31.0677
31.2335
31.3993
31.5649
31.7305
31.896
32.0613
32.2266
32.3918
32.5569
32.7218
32.8867
33.0515
33.2161
33.3807
33.5452
33.7096
33.8738
34.038
34.2021
34.366
34.5299
34.6936
34.8572
35.0208
35.1842
35.3475
35.5107
35.6738
35.8368
35.9997
36.1625
36.3252
36.4877
36.6502
36.8125
36.9747
37.1368
37.2988
37.4607
37.6225
37.7841
37.9457
38.1071
38.2684
38.4296
38.5907
38.7516
38.9124
39.0732
39.2338
39.3942
39.5546
39.7148
39.875
40.035
40.1948
40.3546
40.5142
40.6737
40.8331
40.9924
41.1515
41.3105
41.4694
41.6281
41.7868
41.9453
42.1036
42.2619
42.42
42.578
42.7358
42.8936
43.0512
43.2086
43.366
43.5232
43.6802
43.8372
43.994
44.1507
44.3072
44.4636
44.6199
44.776
44.932
45.0878
45.2435
45.3991
45.5546
45.7099
45.865
46.0201
46.1749
46.3297
46.4843
46.6387
46.7931
46.9472
47.1013
47.2551
47.4089
47.5625
47.716
47.8693
48.0224
48.1754
48.3283
48.481
48.6336
48.786
48.9383
49.0905
49.2424
49.3943
49.5459
49.6975
49.8489
50.0001
50.1512
50.3021
50.4528
50.6035
50.7539
50.9042
51.0544
51.2044
51.3542
51.5039
51.6534
51.8028
51.952
52.1011
52.2499
52.3987
52.5473
52.6957
52.8439
52.992
53.1399
53.2877
53.4353
53.5828
53.73
53.8772
54.0241
54.1709
54.3175
54.464
54.6103
54.7564
54.9023
55.0481
55.1937
55.3392
55.4845
55.6296
55.7746
55.9193
56.0639
56.2084
56.3526
56.4967
56.6406
56.7844
56.928
57.0714
57.2146
57.3577
57.5005
57.6432
57.7858
57.9281
58.0703
58.2123
58.3541
58.4958
58.6372
58.7785
58.9196
59.0606
59.2013
59.3419
59.4823
59.6225
59.7625
59.9023
60.042
60.1815
60.3208
60.4599
60.5988
60.7375
60.8761
61.0145
61.1527
61.2907
61.4285
61.5661
61.7035
61.8408
61.9778
62.1147
62.2514
62.3879
62.5242
62.6603
62.7962
62.932
63.0675
63.2029
63.338
63.473
63.6077
63.7423
63.8767
64.0109
64.1449
64.2787
64.4123
64.5457
64.6789
64.8119
64.9447
65.0773
65.2097
65.3419
65.474
65.6058
65.7374
65.8688
66
66.1311
66.2619
66.3925
66.5229
66.6531
66.7831
66.9129
67.0425
67.1719
67.3011
67.4301
67.5589
67.6875
67.8158
67.944
68.0719
68.1997
68.3272
68.4546
68.5817
68.7086
68.8353
68.9618
69.0881
69.2141
69.34
69.4657
69.5911
69.7163
69.8414
69.9662
70.0908
70.2151
70.3393
70.4632
70.587
70.7105
70.8338
70.9569
71.0798
71.2024
71.3249
71.4471
71.5691
71.6909
71.8124
71.9338
72.0549
72.1758
72.2965
72.417
72.5372
72.6573
72.7771
72.8966
73.016
73.1352
73.2541
73.3728
73.4912
73.6095
73.7275
73.8453
73.9629
74.0802
74.1973
74.3142
74.4309
74.5474
74.6636
74.7796
74.8953
75.0109
75.1262
75.2412
75.3561
75.4707
75.5851
75.6993
75.8132
75.9269
76.0403
76.1536
76.2666
76.3793
76.4919
76.6042
76.7163
76.8281
76.9397
77.0511
77.1622
77.2731
77.3838
77.4942
77.6044
77.7143
77.824
77.9335
78.0428
78.1518
78.2605
78.3691
78.4774
78.5854
78.6932
78.8008
78.9081
79.0152
79.1221
79.2287
79.335
79.4412
79.5471
79.6527
79.7581
79.8633
79.9682
80.0728
80.1773
80.2814
80.3854
80.4891
80.5925
80.6957
80.7987
80.9014
81.0039
81.1061
81.208
81.3098
81.4112
81.5125
81.6134
81.7142
81.8147
81.9149
82.0149
82.1146
82.2141
82.3133
82.4123
82.511
82.6095
82.7077
82.8057
82.9034
83.0009
83.0981
83.1951
83.2918
83.3883
83.4845
83.5804
83.6761
83.7715
83.8667
83.9617
84.0563
84.1507
84.2449
84.3388
84.4325
84.5259
84.619
84.7119
84.8045
84.8968
84.9889
85.0808
85.1724
85.2637
85.3547
85.4455
85.5361
85.6264
85.7164
85.8062
85.8957
85.9849
86.0739
86.1626
86.251
86.3392
86.4271
86.5148
86.6022
86.6893
86.7762
86.8628
86.9492
87.0352
87.121
87.2066
87.2919
87.3769
87.4616
87.5461
87.6303
87.7143
87.798
87.8814
87.9645
88.0474
88.13
88.2123
88.2944
88.3762
88.4577
88.539
88.62
88.7007
88.7812
88.8614
88.9413
89.0209
89.1003
89.1794
89.2582
89.3368
89.4151
89.4931
89.5708
89.6483
89.7255
89.8024
89.8791
89.9554
90.0315
90.1074
90.1829
90.2582
90.3332
90.4079
90.4824
90.5565
90.6304
90.7041
90.7774
90.8505
90.9233
90.9958
91.068
91.14
91.2117
91.2831
91.3542
91.425
91.4956
91.5659
91.6359
91.7057
91.7751
91.8443
91.9132
91.9818
92.0501
92.1182
92.186
92.2535
92.3207
92.3876
92.4543
92.5206
92.5867
92.6525
92.718
92.7833
92.8482
92.9129
92.9773
93.0414
93.1052
93.1688
93.232
93.295
93.3577
93.4201
93.4822
93.5441
93.6056
93.6669
93.7279
93.7886
93.849
93.9091
93.9689
94.0285
94.0877
94.1467
94.2054
94.2638
94.3219
94.3798
94.4373
94.4946
94.5515
94.6082
94.6646
94.7207
94.7765
94.832
94.8873
94.9422
94.9969
95.0513
95.1053
95.1591
95.2126
95.2658
95.3188
95.3714
95.4237
95.4758
95.5275
95.579
95.6302
95.6811
95.7316
95.7819
95.832
95.8817
95.9311
95.9802
96.0291
96.0776
96.1259
96.1738
96.2215
96.2689
96.316
96.3628
96.4092
96.4555
96.5014
96.547
96.5923
96.6373
96.6821
96.7265
96.7706
96.8145
96.858
96.9013
96.9443
96.9869
97.0293
97.0714
97.1132
97.1546
97.1958
97.2367
97.2773
97.3176
97.3576
97.3973
97.4367
97.4759
97.5147
97.5532
97.5914
97.6293
97.667
97.7043
97.7413
97.7781
97.8145
97.8507
97.8865
97.922
97.9573
97.9922
98.0269
98.0612
98.0953
98.129
98.1625
98.1956
98.2285
98.2611
98.2933
98.3253
98.3569
98.3883
98.4193
98.4501
98.4806
98.5107
98.5406
98.5701
98.5994
98.6283
98.657
98.6854
98.7134
98.7412
98.7686
98.7958
98.8226
98.8492
98.8754
98.9014
98.927
98.9524
98.9774
99.0022
99.0266
99.0508
99.0746
99.0981
99.1214
99.1443
99.1669
99.1893
99.2113
99.233
99.2545
99.2756
99.2964
99.3169
99.3371
99.357
99.3766
99.396
99.4149
99.4336
99.452
99.4701
99.4879
99.5054
99.5226
99.5395
99.5561
99.5723
99.5883
99.604
99.6193
99.6344
99.6492
99.6636
99.6778
99.6916
99.7052
99.7184
99.7313
99.744
99.7563
99.7683
99.7801
99.7915
99.8026
99.8134
99.8239
99.8341
99.844
99.8536
99.8629
99.8719
99.8805
99.8889
99.897
99.9048
99.9122
99.9194
99.9262
99.9328
99.939
99.945
99.9506
99.9559
99.961
99.9657
99.9701
99.9742
99.978
99.9815
99.9847
99.9876
99.9902
99.9925
99.9945
99.9962
99.9976
99.9986
99.9994
99.9998
100
99.9998
99.9994
99.9986
99.9976
99.9962
99.9945
99.9926
99.9903
99.9877
99.9848
99.9816
99.9781
99.9743
99.9702
99.9658
99.9611
99.956
99.9507
99.9451
99.9391
99.9329
99.9264
99.9195
99.9123
99.9049
99.8971
99.8891
99.8807
99.872
99.863
99.8538
99.8442
99.8343
99.8241
99.8136
99.8028
99.7917
99.7803
99.7685
99.7565
99.7442
99.7316
99.7186
99.7054
99.6919
99.678
99.6639
99.6494
99.6347
99.6196
99.6043
99.5886
99.5726
99.5564
99.5398
99.5229
99.5057
99.4882
99.4705
99.4524
99.434
99.4153
99.3963
99.377
99.3574
99.3375
99.3173
99.2968
99.2759
99.2548
99.2334
99.2117
99.1897
99.1673
99.1447
99.1218
99.0986
99.075
99.0512
99.0271
99.0026
98.9779
98.9528
98.9275
98.9018
98.8759
98.8497
98.8231
98.7963
98.7691
98.7417
98.7139
98.6859
98.6575
98.6289
98.5999
98.5706
98.5411
98.5112
98.4811
98.4506
98.4199
98.3888
98.3575
98.3258
98.2939
98.2616
98.2291
98.1962
98.1631
98.1296
98.0959
98.0618
98.0275
97.9928
97.9579
97.9227
97.8871
97.8513
97.8151
97.7787
97.742
97.705
97.6676
97.63
97.5921
97.5539
97.5154
97.4765
97.4374
97.398
97.3583
97.3183
97.278
97.2374
97.1965
97.1554
97.1139
97.0721
97.03
96.9877
96.945
96.902
96.8588
96.8152
96.7714
96.7273
96.6828
96.6381
96.5931
96.5478
96.5022
96.4563
96.4101
96.3636
96.3168
96.2697
96.2223
96.1747
96.1267
96.0785
96.0299
95.9811
95.932
95.8825
95.8328
95.7828
95.7325
95.6819
95.6311
95.5799
95.5284
95.4767
95.4246
95.3723
95.3197
95.2668
95.2136
95.1601
95.1063
95.0522
94.9978
94.9432
94.8882
94.833
94.7775
94.7217
94.6656
94.6092
94.5525
94.4956
94.4383
94.3808
94.323
94.2648
94.2064
94.1478
94.0888
94.0295
93.97
93.9101
93.85
93.7896
93.7289
93.668
93.6067
93.5452
93.4833
93.4212
93.3588
93.2961
93.2331
93.1699
93.1064
93.0425
92.9784
92.914
92.8494
92.7844
92.7192
92.6537
92.5879
92.5218
92.4554
92.3888
92.3219
92.2546
92.1872
92.1194
92.0513
91.983
91.9144
91.8455
91.7763
91.7069
91.6371
91.5671
91.4968
91.4263
91.3554
91.2843
91.2129
91.1412
91.0693
90.997
90.9245
90.8517
90.7787
90.7053
90.6317
90.5578
90.4837
90.4092
90.3345
90.2595
90.1842
90.1087
90.0329
89.9568
89.8804
89.8037
89.7268
89.6496
89.5722
89.4944
89.4164
89.3382
89.2596
89.1808
89.1017
89.0223
88.9427
88.8628
88.7826
88.7021
88.6214
88.5404
88.4592
88.3776
88.2958
88.2138
88.1314
88.0488
87.966
87.8828
87.7994
87.7157
87.6318
87.5476
87.4631
87.3784
87.2934
87.2081
87.1225
87.0367
86.9507
86.8643
86.7777
86.6908
86.6037
86.5163
86.4287
86.3408
86.2526
86.1641
86.0754
85.9864
85.8972
85.8077
85.718
85.6279
85.5377
85.4471
85.3563
85.2653
85.174
85.0824
84.9905
84.8984
84.8061
84.7135
84.6206
84.5275
84.4341
84.3405
84.2466
84.1524
84.058
83.9633
83.8684
83.7732
83.6778
83.5821
83.4861
83.3899
83.2935
83.1968
83.0998
83.0026
82.9051
82.8074
82.7094
82.6112
82.5128
82.414
82.3151
82.2158
82.1163
82.0166
81.9166
81.8164
81.7159
81.6152
81.5142
81.413
81.3115
81.2098
81.1079
81.0056
80.9032
80.8005
80.6975
80.5943
80.4909
80.3872
80.2833
80.1791
80.0747
79.97
79.8651
79.7599
79.6545
79.5489
79.443
79.3369
79.2305
79.1239
79.0171
78.91
78.8027
78.6951
78.5873
78.4792
78.3709
78.2624
78.1536
78.0446
77.9354
77.8259
77.7162
77.6062
77.496
77.3856
77.2749
77.164
77.0529
76.9415
76.8299
76.7181
76.606
76.4937
76.3811
76.2684
76.1554
76.0421
75.9286
75.8149
75.701
75.5869
75.4725
75.3578
75.243
75.1279
75.0126
74.8971
74.7813
74.6653
74.5491
74.4326
74.3159
74.199
74.0819
73.9646
73.847
73.7292
73.6111
73.4929
73.3744
73.2557
73.1368
73.0176
72.8983
72.7787
72.6589
72.5388
72.4186
72.2981
72.1774
72.0565
71.9353
71.814
71.6924
71.5706
71.4486
71.3264
71.2039
71.0813
70.9584
70.8353
70.712
70.5885
70.4647
70.3408
70.2166
70.0922
69.9676
69.8428
69.7178
69.5926
69.4671
69.3414
69.2156
69.0895
68.9632
68.8367
68.71
68.5831
68.4559
68.3286
68.201
68.0733
67.9453
67.8172
67.6888
67.5602
67.4314
67.3024
67.1732
67.0438
66.9142
66.7844
66.6544
66.5242
66.3938
66.2631
66.1323
66.0013
65.87
65.7386
65.607
65.4752
65.3431
65.2109
65.0785
64.9459
64.813
64.68
64.5468
64.4134
64.2798
64.146
64.012
63.8778
63.7434
63.6088
63.474
63.3391
63.2039
63.0686
62.933
62.7973
62.6613
62.5252
62.3889
62.2524
62.1157
61.9788
61.8417
61.7045
61.567
61.4294
61.2916
61.1536
61.0154
60.877
60.7384
60.5997
60.4607
60.3216
60.1823
60.0428
59.9032
59.7633
59.6233
59.4831
59.3427
59.2021
59.0613
58.9204
58.7793
58.638
58.4965
58.3548
58.213
58.071
57.9288
57.7865
57.6439
57.5012
57.3583
57.2152
57.072
56.9286
56.785
56.6413
56.4973
56.3532
56.2089
56.0645
55.9199
55.7751
55.6301
55.485
55.3397
55.1942
55.0486
54.9028
54.7568
54.6107
54.4644
54.3179
54.1713
54.0245
53.8776
53.7304
53.5831
53.4357
53.2881
53.1403
52.9924
52.8442
52.696
52.5476
52.399
52.2502
52.1013
51.9523
51.8031
51.6537
51.5041
51.3545
51.2046
51.0546
50.9044
50.7541
50.6037
50.453
50.3023
50.1513
50.0003
49.849
49.6976
49.5461
49.3944
49.2426
49.0906
48.9384
48.7861
48.6337
48.4811
48.3284
48.1755
48.0225
47.8693
47.716
47.5625
47.4089
47.2552
47.1013
46.9472
46.793
46.6387
46.4842
46.3296
46.1749
46.02
45.865
45.7098
45.5545
45.399
45.2434
45.0877
44.9319
44.7758
44.6197
44.4634
44.307
44.1505
43.9938
43.837
43.6801
43.523
43.3658
43.2084
43.0509
42.8933
42.7356
42.5777
42.4197
42.2616
42.1034
41.945
41.7865
41.6278
41.4691
41.3102
41.1512
40.992
40.8327
40.6734
40.5138
40.3542
40.1944
40.0346
39.8745
39.7144
39.5542
39.3938
39.2333
39.0727
38.912
38.7511
38.5902
38.4291
38.2679
38.1066
37.9451
37.7836
37.6219
37.4601
37.2983
37.1363
36.9741
36.8119
36.6496
36.4871
36.3245
36.1619
35.9991
35.8362
35.6732
35.5101
35.3468
35.1835
35.0201
34.8565
34.6929
34.5291
34.3653
34.2013
34.0372
33.8731
33.7088
33.5444
33.3799
33.2153
33.0507
32.8859
32.721
32.556
32.3909
32.2257
32.0605
31.8951
31.7296
31.564
31.3984
31.2326
31.0667
30.9008
30.7347
30.5686
30.4024
30.236
30.0696
29.9031
29.7365
29.5698
29.403
29.2361
29.0692
28.9021
28.735
28.5678
28.4005
28.2331
28.0656
27.898
27.7303
27.5626
27.3948
27.2269
27.0589
26.8908
26.7226
26.5544
26.3861
26.2177
26.0492
25.8807
25.712
25.5433
25.3745
25.2057
25.0367
24.8677
24.6986
24.5294
24.3602
24.1908
24.0214
23.852
23.6824
23.5128
23.3431
23.1734
23.0035
22.8337
22.6637
22.4936
22.3235
22.1534
21.9831
21.8128
21.6425
21.472
21.3015
21.1309
20.9603
20.7896
20.6188
20.448
20.2771
20.1062
19.9352
19.7641
19.593
19.4218
19.2505
19.0792
18.9079
18.7364
18.565
18.3934
18.2218
18.0502
17.8785
17.7067
17.5349
17.363
17.1911
17.0191
16.8471
16.675
16.5029
16.3307
16.1585
15.9862
15.8139
15.6416
15.4691
15.2967
15.1242
14.9516
14.779
14.6063
14.4337
14.2609
14.0881
13.9153
13.7424
13.5695
13.3966
13.2236
13.0506
12.8775
12.7044
12.5312
12.358
12.1848
12.0116
11.8383
11.6649
11.4916
11.3182
11.1447
10.9712
10.7977
10.6242
10.4506
10.277
10.1034
9.92972
9.75603
9.5823
9.40855
9.23476
9.06095
8.88711
8.71325
8.53935
8.36543
8.19149
8.01752
7.84353
7.66951
7.49547
7.32141
7.14732
6.97321
6.79908
6.62493
6.45076
6.27657
6.10236
5.92814
5.75389
5.57963
5.40535
5.23105
5.05674
4.88241
4.70807
4.53371
4.35934
4.18496
4.01056
3.83615
3.66173
3.4873
3.31286
3.1384
2.96394
2.78947
2.61499
2.4405
2.26601
2.09151
1.917
1.74248
1.56796
1.39344
1.21891
1.04438
0.869844
0.695306
0.520766
0.346224
0.171681